0.568328 113
80.179514 118
0.155088 1
0.139814 1
0.281851 1
3.611300 1
0.689591 1
0.569053 1
0.605219 1
0.413314 1
0.530308 1
1.074532 1
0.396260 1
1.332890 1
0.986647 1
1.291827 1
0.519832 1
0.180115 1
0.130870 1
7.457174 2
0.048831 42
0.000081 7
0.000049 7
0.000019 7
0.000801 475
4.229430 36
0.146187 1
0.068137 1
0.537912 1
0.256273 1
0.225148 1
1.051598 5
1.595091 1
0.178769 1
1.394356 1
0.188467 1
0.130310 1
0.237348 1
0.583869 5
1.312595 1
0.239929 1
0.884530 1
0.625470 1
0.563587 1
0.181903 1
0.427310 1
0.143477 1
0.995158 5
0.799732 1
0.759797 1
1.121649 16
0.943040 1
3.002575 3
0.288493 1
0.249108 1
0.115764 1
0.083977 1
1.184484 5
0.753927 1
0.233885 1
0.346994 1
0.532276 1
2.262170 1
0.597349 1
0.183898 1
1.763661 1
0.419463 1
0.429851 1
1.036438 5
0.908312 1
0.464631 1
0.604330 1
1.281016 1
0.140004 1
0.598850 1
0.338088 1
0.809860 1
0.951268 5
0.639014 1
0.211486 1
0.513224 1
2.561362 1
0.108460 1
0.277068 1
0.287003 1
1.031452 6
0.910105 1
0.871765 1
0.685229 1
1.347463 3
0.553246 1
0.083419 1
0.303184 1
0.956836 6
0.622218 7
54.729431 61
1.748865 187
1.751615 304
2.080994 245
13.882309 18
4.175061 1
0.224242 1
0.155313 1
0.156192 1
1.067580 13
0.881191 9
28.201291 2
0.007962 42
0.000070 7
0.000039 7
0.000015 7
0.000743 475
6.054003 36
0.142285 1
0.064146 1
0.760630 1
0.158560 1
0.426438 1
0.190730 1
0.218504 1
2.483855 5
1.264239 1
0.126582 1
0.812104 1
0.152754 1
0.555932 1
0.241450 1
0.602078 1
2.296912 5
2.103137 1
0.917897 1
0.656338 1
0.255373 1
1.949895 1
0.330299 1
0.832234 1
0.289383 1
0.164052 17
0.148718 1
1.743738 5
0.691129 1
0.201291 1
0.172473 1
0.480160 1
0.225086 1
0.853378 5
0.537452 1
0.399618 1
0.172525 1
0.785627 1
0.552789 1
0.093368 1
0.176092 1
0.246997 1
1.871485 5
0.583707 1
0.861095 4
0.497708 1
0.215256 1
1.582714 1
0.342866 1
0.178740 1
0.352691 1
0.847629 1
1.396901 1
0.198059 1
0.253089 1
0.170542 1
0.240926 1
0.997884 5
1.803127 7
3.405325 187
1.511207 304
0.928318 245
188.004187 1
0.194044 1
0.742337 1
0.735893 1
0.522842 1
0.244192 1
1.454094 4
0.169158 4
0.159647 4
0.121720 4
0.131579 4
0.126720 4
0.137845 1
0.474250 18
0.494052 1
0.499841 1
0.031301 1
0.030067 1
0.031355 1
0.030433 1
0.029397 1
0.032207 1
0.032019 1
0.030977 1
0.031350 1
0.032018 1
0.030663 1
0.031885 1
0.031516 1
0.031237 1
0.819852 38
0.585671 1
0.500687 1
0.031389 1
0.030052 1
0.029881 1
0.029741 1
0.031310 1
0.032393 1
0.032117 1
0.030984 1
0.030775 1
0.030016 1
0.030605 1
0.030745 1
0.031760 1
0.031468 1
0.806879 3
0.252179 3
0.431103 33
0.155274 33
0.144651 33
0.144906 33
0.127140 1
0.337901 29
0.144849 29
0.413237 29
0.411072 31
0.408003 31
0.360582 2
0.000979 6
0.000040 2
0.000017 6
0.000015 2
0.000015 8
0.000015 2
0.000014 7
0.000015 2
0.000014 10
0.000015 2
0.000014 8
0.000015 2
0.000014 7
0.000014 2
0.000015 5
0.000015 2
0.000428 113
1.457879 17
1.094541 35
0.915379 1
0.500855 1
0.030554 1
0.031698 1
0.030386 1
0.030137 1
0.032033 1
0.031430 1
0.031709 1
0.030550 1
0.069991 1
0.036830 1
0.030043 1
0.031119 1
0.239681 1
0.663281 3
0.294395 33
0.157635 33
0.144738 33
0.135387 33
0.129099 1
0.203395 29
0.155241 29
0.308384 29
0.493834 2
0.000999 8
0.000046 2
0.000098 7
0.000016 2
0.000014 10
0.000013 2
0.000013 5
0.000014 2
0.000013 8
0.000013 2
0.000013 12
0.000014 2
0.000394 113
63.744070 1
0.188392 1
0.153563 1
0.336351 2
24.267230 1
0.254483 1
0.148258 1
0.207115 1
0.262352 2
0.000012 6
1906.637845 113
5.782078 1
1.504552 4
3.013911 1
0.154186 1
1.003906 1
0.673092 1
0.491965 4
1.341001 1
2.018949 1
0.762981 1
1.819877 1
0.669131 1
0.482354 1
0.381244 1
0.913884 4
0.152760 4
0.930376 1
0.223847 1
1.154976 1
1.199855 1
0.665555 4
0.302448 1
1.092931 1
0.731993 1
0.872091 1
0.540348 1
0.399892 1
1.336437 1
0.559252 4
0.419749 1
0.668534 4
0.383478 1
0.469780 2
16.786512 1
0.316165 1
0.593282 1
0.133535 1
0.172274 1
0.296957 2
0.000011 7
20.825210 113
57.544699 1
0.169631 1
0.316242 1
2.284749 1
0.411331 1
0.285317 1
0.768047 1
1.669750 1
1.054111 1
0.383238 1
0.295052 1
0.310496 1
1.302335 1
0.304787 1
0.544356 1
2.251150 1
0.272385 1
9.557587 1
2.998031 1
0.297211 1
0.479653 1
0.165627 1
1.540096 1
0.787429 1
0.243947 1
0.310146 1
7.714066 1
5.689862 1
0.836733 1
0.450183 1
0.549259 1
3.862765 1
0.139451 1
0.249974 1
0.152455 1
8.656596 1
0.172150 1
0.152668 1
0.154768 1
0.161154 1
0.203193 1
0.203869 1
0.203824 1
0.162150 1
0.153661 1
0.148687 1
0.295699 1
0.155520 1
0.146441 1
0.148721 1
0.151305 1
0.169371 1
0.322389 1
26.441331 37
0.362758 3
0.341299 196
6.860592 5
0.002474 113
4.184457 1
0.349744 1
0.194135 1
0.564225 1
0.522278 1
0.099206 1
0.285930 1
0.260098 1
0.290351 1
0.974782 1
0.245814 1
0.393582 1
0.400375 1
0.318698 1
1.327551 1
0.408958 1
0.842648 1
2.977352 1
0.206188 1
0.201293 1
0.155668 1
0.440048 2
0.000768 6
0.000049 2
0.000024 6
0.000081 2
0.000021 8
0.000015 2
0.000015 7
0.000014 2
0.000014 10
0.000015 2
0.000014 8
0.000014 2
0.000014 7
0.000015 2
0.000014 5
0.000015 2
0.000417 113
91.859317 118
0.182467 1
1.280226 1
0.131444 1
0.233166 1
1.064454 1
0.161614 1
0.370995 1
0.303978 1
0.339775 1
0.310367 1
0.190290 1
0.251642 1
2.250143 1
0.394724 1
0.351804 1
1.331086 1
0.131664 1
2.067767 1
0.630595 1
0.185079 1
0.366019 1
0.256083 1
0.235557 1
0.533520 1
0.263049 1
0.436096 1
2.013657 1
0.817864 1
0.566282 1
0.274079 1
0.507437 1
1.940227 1
0.123473 1
0.229632 1
0.177886 1
0.344404 4
0.166792 4
0.826667 1
0.167204 1
14.468790 2
0.012188 113
3.824157 1
0.255836 1
0.239165 1
0.143073 1
0.847863 1
5.656442 1
0.202892 1
0.237501 1
0.523568 1
0.106339 1
0.408358 1
0.530643 1
0.259422 1
4.783439 1
0.405177 1
0.769476 1
8.855472 2
0.001398 52
0.000040 2
0.000027 48
0.000017 2
0.000442 113
563.685824 1
0.039451 1
0.607453 1
0.922249 1
0.592229 1
0.158907 1
0.527920 1
0.277225 1
1.334837 1
0.796200 1
0.402577 1
0.858375 1
0.532261 1
1.164290 1
1.004610 1
0.464510 1
1.142788 1
0.886441 1
0.406154 1
0.152122 1
1.044191 1
0.292657 1
0.361996 1
0.680518 1
0.941092 1
0.846595 1
0.422969 1
0.287749 1
0.463576 1
0.549101 1
1.467517 1
0.349215 1
0.536376 1
2.011616 1
0.476239 1
0.146153 1
0.217748 1
0.252662 1
53.921089 2
0.001046 113
0.016076 1
1.152227 4
3.467646 1
0.123693 1
0.174649 1
0.251134 1
0.508036 1
0.042585 1
0.293180 1
0.282802 1
0.076564 1
0.497677 1
0.162368 1
4.534630 1
1.025471 1
3.754610 1
0.652753 1
0.210651 1
0.164823 1
2.356747 1
0.159647 1
0.178117 1
0.736024 1
0.232497 2
0.000816 6
0.000036 2
0.000159 6
0.000035 2
0.000103 8
0.000022 2
0.000018 7
0.000018 2
0.000018 10
0.000018 2
0.000019 8
0.000018 2
0.000018 7
0.000018 2
0.000018 5
0.000017 2
0.000018 8
0.000018 2
0.000018 7
0.000018 2
0.000018 10
0.000018 2
0.000018 5
0.000018 2
0.000018 8
0.000018 2
0.000018 12
0.000018 2
0.000510 113
93.255382 1
0.162669 1
0.060131 1
0.783986 4
0.464000 4
0.161191 4
0.153175 1
4.509877 1
0.151193 1
0.134110 1
0.464175 1
0.606022 1
0.249028 1
0.256002 1
0.121363 1
0.146440 1
0.123918 1
0.125740 1
0.811612 1
0.842964 1
0.083728 1
0.374967 1
0.415750 1
0.204408 1
0.706628 1
4.147159 1
0.200685 1
0.118841 1
0.368342 1
218.221026 1
0.372700 1
0.186194 1
4.786569 1
0.990291 1
0.066726 1
0.245879 1
0.339778 1
0.229474 1
0.292958 1
0.402269 2
0.091421 41
4.830122 2
0.249260 624
0.084752 60
18.658237 1
0.529202 1
0.584302 1
0.478089 1
0.153741 1
0.313296 1
0.149222 1
0.205495 1
1.319125 4
13.212012 1
0.945303 1
0.276465 1
0.288992 1
0.095955 1
0.159557 1
0.067554 1
0.146666 1
0.485389 1
0.162568 1
0.138903 1
0.299256 1
0.753775 1
0.385049 1
0.335704 1
0.106185 1
0.288649 1
0.554191 1
0.482203 4
0.151983 4
0.144204 4
0.150728 4
0.159859 4
0.161390 4
0.689017 1
0.404735 1
1.215700 1
0.171522 1
0.447545 1
1.317060 4
0.464947 1
0.443529 4
0.124645 1
0.614979 1
0.774548 1
0.373735 1
0.419667 1
1.172632 1
0.183306 1
0.358907 4
0.157969 4
0.151231 4
0.169214 4
0.131988 4
0.682535 1
0.238097 1
0.217308 1
0.378343 1
0.421214 1
0.232933 1
0.119692 1
0.494883 169
2.929941 32
0.375717 1
0.500785 1
0.031030 1
0.030461 1
0.029320 1
0.029744 1
0.033423 1
0.029681 1
0.031320 1
0.032838 1
0.031052 1
0.029826 1
0.031203 1
0.031080 1
0.032376 1
0.030977 1
0.031931 1
0.030836 1
0.030986 1
0.030310 1
0.029987 1
0.031316 1
0.030435 1
0.030203 1
0.031525 1
0.030227 1
0.031803 1
0.032331 1
0.031417 1
0.031307 1
0.030402 1
0.030510 1
0.523236 3
0.316543 3
0.888786 61
1.041851 3
0.331566 63
0.413953 1
0.391375 61
0.342305 170
1.693668 33
0.548652 4
0.500241 4
0.030230 4
0.031174 4
0.030623 4
0.029677 4
0.032484 4
0.031915 4
0.031090 4
0.032846 4
0.031717 4
0.031255 4
0.032014 4
0.031993 4
0.032262 4
0.030809 4
0.031245 4
0.030654 4
0.032456 4
0.031024 4
0.030971 4
0.142173 4
0.180983 4
0.159818 4
1.179807 4
0.314879 79
2.664606 1
0.110336 1
0.230484 1
0.962200 1
0.188688 1
0.217935 1
0.106563 1
0.138748 1
0.111892 1
0.124070 1
0.225162 1
0.164180 1
0.128669 1
0.201411 1
0.174157 159
3.564107 14
0.367580 1
0.500899 1
0.030448 1
0.030584 1
0.030598 1
0.029597 1
0.032996 1
0.031239 1
0.030566 1
0.033110 1
0.030322 1
0.821444 23
0.439839 160
48.966107 1
0.527323 4
0.226033 1
0.139351 1
1.242390 1
0.178896 1
0.115413 1
0.113960 1
0.200133 2
0.002492 9
0.758586 44
0.008144 68
3.417856 1
0.309558 1
0.201350 1
0.114240 1
0.212479 11
0.102925 147
0.000270 2
0.000405 34
0.008470 68
0.870105 1
0.386713 1
0.117394 1
0.201654 2
0.000136 9
0.164364 131
0.001043 183
0.000203 110
0.000191 42
0.000315 57
0.000185 2
0.000377 96
0.000480 2
0.000056 104
0.000172 53
0.010274 68
13.140412 79
0.255462 79
2.053672 1
0.087072 1
0.504734 1
0.684555 1
0.194020 1
0.241965 1
0.101217 1
0.199274 1
0.217883 1
0.129567 1
0.248138 1
0.217820 1
0.615243 1
0.250891 1
0.219986 159
1.092458 14
0.446837 20
0.304268 1
1.049169 16
0.498621 17
0.708004 14
0.413164 1
0.500171 1
0.029862 1
0.031692 1
0.031381 1
0.028894 1
0.032764 1
0.031452 1
0.032819 1
0.157278 1
0.383347 25
0.796292 21
0.139928 159
2.390823 14
1.036441 1
0.500556 1
0.031144 1
0.030510 1
0.031392 1
0.030367 1
0.030485 1
0.033124 1
0.032170 1
0.031868 1
0.502353 1
1.156846 3
9.480124 1
1.082763 23
0.715419 3
0.353627 25
0.389581 21
0.511979 160
48.180147 1
0.109799 1
0.277357 71
2.515353 2
0.336727 13
0.430200 27
0.347748 22
0.270326 20
0.174195 7
0.216191 6
0.176080 21
0.190223 27
0.323945 20
0.305615 25
1.700956 1
0.500510 1
0.032395 1
0.029989 1
0.028924 1
0.030188 1
0.031147 1
0.029750 1
0.030496 1
0.033185 1
0.030133 1
0.030711 1
0.030821 1
0.031163 1
0.031281 1
0.031138 1
0.031060 1
0.030976 1
0.029597 1
0.031616 1
0.030696 1
0.030825 1
0.032220 1
0.030666 1
0.031065 1
0.030549 1
0.031146 1
0.501240 3
0.246406 3
0.197261 3
0.373772 53
0.180431 53
0.147167 53
0.162702 53
0.342638 53
0.475119 165
1.508529 28
0.567634 4
0.500145 4
0.029248 4
0.030726 4
0.029919 4
0.033263 4
0.032596 4
0.030252 4
0.031071 4
0.031034 4
0.031599 4
0.030147 4
0.157469 4
0.332131 152
2.276720 15
0.910631 13
1.434303 29
0.626317 13
0.455668 27
0.387320 22
0.391232 20
0.457010 17
0.228884 22
0.640226 23
0.341909 16
0.385393 26
0.789222 1
0.501199 1
0.031195 1
0.031468 1
0.030635 1
0.032301 1
0.030420 1
0.029983 1
0.030103 1
0.030969 1
0.031346 1
0.030944 1
0.030475 1
0.031945 1
0.032529 1
0.031743 1
0.029869 1
0.033293 1
0.030258 1
0.030394 1
0.031459 1
0.332351 1
0.477753 1
0.275235 1
0.772829 53
0.545543 121
88.599539 1
0.808524 1
0.352386 1
0.229960 1
0.200265 1
0.807420 1
10.243643 1
0.249521 1
0.134943 1
0.240461 1
0.211030 1
3.193438 1
0.676259 1
2.190976 1
1.031840 1
0.251424 1
0.398172 1
0.081773 1
0.178511 1
0.122300 1
0.124920 1
0.471450 1
0.171682 1
0.130232 1
0.230911 1
14.946717 1
0.141871 1
0.303465 1
2.936912 1
0.577506 1
0.096296 1
0.122925 1
4.428054 1
0.301892 1
0.509684 1
0.173940 1
3.198793 1
0.288206 3
0.251768 1
3.579564 1
0.185694 1
1.138858 1
0.979992 1
2.124596 1
0.479713 1
1.567958 1
1.193413 1
0.274120 1
0.154481 1
0.942855 4
0.166070 1
0.323975 1
0.182360 1
0.205981 1
0.577721 1
0.204483 1
0.271826 1
0.419393 1
4.174891 1
0.425555 1
0.162130 1
0.087692 1
53.559271 1
0.196054 1
0.189790 1
0.169831 1
1.233088 9
0.415552 9
0.844056 9
4.938709 11
0.006713 110
0.000228 2
0.024341 110
306.064419 1
0.325197 1
0.944755 1
0.680101 1
0.444092 1
0.829795 1
0.787976 1
0.619626 1
0.265615 1
0.247533 1
1.720386 1
0.642944 1
0.371514 1
0.512602 1
0.582209 1
0.111252 1
0.123761 1
1.455771 11
15.625243 1
0.238314 1
0.138229 1
0.167433 1
1.315098 2
20.380007 110
2.883180 1
0.308221 1
0.253378 1
0.141024 1
0.312408 1
0.988001 1
1.063229 1
0.340709 1
3.723544 4
1.944081 1
0.654463 1
2.101181 1
0.439664 1
0.210100 1
0.562927 1
2.167130 1
1.658819 1
0.362484 1
0.215466 1
3.019246 11
0.013349 70
0.001018 2
0.000432 8
0.000654 102
6.915351 1
0.206921 1
0.483092 1
2.016202 1
0.633024 1
0.382910 1
0.921805 1
0.739876 1
0.361307 1
0.140629 1
0.553354 1
0.578202 1
0.251684 1
0.335882 1
0.165373 1
1.555056 11
0.002219 6
0.000786 8
0.000177 102
299.748915 106
4.443528 1
0.007957 1
0.096900 1
0.428413 4
0.152502 4
0.144152 4
0.112299 1
0.334755 1
0.061468 1
2.005017 1
0.603292 1
1.650863 1
1.151781 1
1.995306 1
0.956059 1
1.813682 1
0.605804 1
3.758785 1
0.377119 1
1.271948 1
2.106246 1
1.040714 1
2.035790 1
0.212802 1
0.976588 1
0.451980 1
0.963704 4
0.875771 1
2.219805 1
0.065224 1
1.260857 1
0.265422 1
0.526081 1
1.937545 1
1.448337 1
0.669092 1
0.095548 1
0.116631 1
0.758869 11
6.669471 1
0.177560 1
0.096005 1
0.261913 1
0.360375 2
4.322816 1
0.211965 1
0.140792 1
0.223819 1
0.610581 2
1.032375 2
1.907855 1
0.271491 1
0.208394 1
0.171174 1
0.585204 2
14.915343 4
1.656821 3
0.169094 3
0.166036 6
1.417054 110
3.796640 29
2.567797 11
2.792544 1
0.248125 1
0.112039 1
0.674505 1
0.438990 2
1.247872 2
5.209517 2
0.938986 2
1.227217 110
18.233050 29
2.563119 11
1.548811 1
1.343328 1
0.326379 1
0.293900 1
0.866775 1
0.786311 1
0.131792 1
0.266161 1
1.589092 2
2.463086 110
1.911522 1
0.273382 1
0.492756 1
0.240253 1
0.273837 1
0.567288 4
0.157812 4
0.161943 4
0.758225 1
0.173942 1
0.484872 1
2.098442 1
0.670512 1
0.972814 1
0.925404 1
0.123092 1
0.254472 1
0.218140 1
0.815080 1
0.504788 1
0.170916 1
0.107349 1
15.861738 11
0.007843 69
0.000348 2
0.001226 8
0.000273 102
5.272310 1
0.332721 1
0.905225 1
0.403750 1
0.351778 1
0.999486 1
0.462689 1
0.208333 1
0.304700 1
0.239535 1
0.211430 1
0.321254 4
0.276672 1
0.471841 1
0.614157 1
0.145968 1
0.437524 11
0.000917 10
0.000881 110
59.448402 1
0.256169 1
0.201387 1
0.452948 1
0.477246 1
0.203670 1
0.628826 1
0.569319 4
0.159271 4
0.365133 1
0.210694 1
0.274291 1
1.365294 1
0.759995 1
0.157505 1
1.067345 1
0.660129 1
0.532888 1
0.336839 1
0.228715 1
0.159475 1
17.330266 87
0.000465 8
0.000028 102
7.452343 1
0.097255 1
0.110517 1
0.226168 1
1.755062 1
2.304282 1
0.155289 1
0.674144 1
0.577849 1
1.001503 1
0.938575 1
0.273864 1
0.350196 1
0.342339 1
0.799631 4
0.389317 1
0.262703 1
0.646615 1
0.367373 1
0.107338 1
0.965804 11
0.055226 62
0.000386 13
0.009342 61
0.000507 6
0.002085 3
0.000304 103
0.000530 6
0.000312 112
0.000168 146
0.000155 179
0.000632 17
9.580055 52
0.334660 19
0.124357 19
0.164668 19
0.402045 19
0.122752 19
1.031755 23
0.800264 19
0.109000 19
0.300993 19
0.515408 21
0.492398 19
0.096796 19
0.465275 19
0.201995 19
0.952725 23
0.815387 19
0.238229 19
0.666995 19
0.777741 34
0.616539 19
0.216438 19
0.458113 19
0.351874 19
0.975587 23
0.607417 19
0.318168 19
0.608684 19
0.919266 19
0.378174 19
0.109013 19
0.059903 19
0.690848 23
0.729893 19
0.079200 19
0.349454 19
0.564299 19
2.540150 19
0.990605 19
0.145250 19
0.768211 19
0.388183 19
0.233666 19
1.163245 23
2.206376 19
0.696217 19
0.519490 19
1.585084 19
0.187851 19
0.231047 19
0.724107 19
0.159976 19
1.801440 23
1.118171 19
0.186502 19
0.503030 19
1.333763 19
0.159332 19
0.221044 19
0.566147 19
0.368211 23
0.703106 19
0.261549 19
1.145075 19
0.195439 19
0.953997 19
0.259928 24
0.967745 24
2.629564 247
2.849453 425
2.556362 50
0.004434 145
0.001299 110
3.293372 18
0.864374 67
1.262859 11
0.003742 6
0.000364 2
0.000937 6
0.000522 67
0.000858 102
35.792091 1
0.053641 1
0.793025 1
0.930045 1
0.606801 1
0.870052 1
0.528238 1
0.361551 1
0.211249 1
0.463912 1
0.538746 1
0.500527 1
0.240736 1
0.460006 1
0.719090 1
0.176443 1
0.490701 1
0.151842 1
0.091217 1
2.398302 11
0.001787 8
0.000380 6
0.000428 2
0.000161 8
0.000818 9
0.000207 2
0.000472 10
0.000154 2
0.000618 10
0.000425 7
0.000020 2
0.000131 5
0.000344 2
0.001004 8
0.000165 102
66.981635 1
0.674540 1
0.226310 1
0.233895 1
1.725786 1
0.594164 1
1.621700 1
0.296538 1
0.588414 1
0.915578 1
1.001805 1
0.918648 1
0.239492 1
0.755362 1
0.552272 3
1.163077 3
1.751376 3
0.197999 3
0.252271 3
0.993512 3
1.470840 1
0.485567 1
0.794229 1
0.701916 1
0.519145 1
0.433303 1
0.520203 1
0.652673 1
0.773354 1
0.283877 1
0.259799 1
1.046144 1
1.684943 1
0.695086 1
0.149217 1
0.159628 1
0.482092 84
0.000409 8
0.000131 102
97.443457 1
0.167607 1
0.481401 1
0.507509 1
1.694725 1
1.388317 1
1.057002 1
0.639926 1
0.585741 1
0.943490 1
0.405939 1
0.418309 1
1.230654 1
0.887981 1
0.208586 1
0.220793 1
0.237357 1
1.112865 1
2.179133 1
0.482666 1
0.496370 1
0.381317 1
0.615263 1
1.248157 1
0.474137 1
0.481442 1
0.771606 1
0.358498 1
0.330141 1
0.465907 1
0.433054 1
0.553119 1
0.449977 1
0.079655 1
0.164072 1
0.450908 4
0.184861 4
0.182629 1
0.736884 1
0.824016 1
1.018638 1
0.288198 3
0.118552 1
0.301406 1
1.186440 1
0.383425 1
1.959673 1
0.316547 1
0.394580 1
1.107220 1
0.776721 1
1.045006 1
0.169566 1
1.108481 1
0.187309 1
0.194627 1
0.139631 1
1.034629 1
0.543231 1
0.232590 1
0.180089 1
2.098799 166
132.065464 11
0.000598 110
3.599145 1
0.134585 1
0.335340 1
0.138051 1
0.213834 1
2.859256 1
0.167408 1
0.330130 1
0.558068 4
0.273224 1
0.899473 1
0.192519 1
0.181096 1
3.132544 1
0.114901 1
0.360033 1
2.882871 1
1.020647 1
0.599841 1
0.098795 1
0.123646 1
3.729842 1
0.529957 1
0.184240 1
0.437429 1
0.502776 1
0.441951 1
1.281463 1
0.227271 1
0.368405 1
1.493523 1
1.570962 1
2.853458 1
0.157435 1
2.017944 1
0.121391 1
0.232540 1
0.212138 1
0.372368 1
1.113408 1
0.194392 1
0.191725 1
16.235956 11
0.018790 82
0.000736 75
0.000831 8
0.000203 102
2.359174 1
0.099815 1
0.247921 1
0.777672 1
0.466367 1
0.165854 1
0.422065 1
0.847407 1
0.632980 1
0.811101 1
0.193931 1
0.260544 1
1.867888 1
0.863511 1
1.987534 1
0.244736 1
0.689294 1
0.221915 1
0.445971 1
0.198293 1
0.837489 1
0.567272 1
0.221823 1
0.223007 1
0.663421 11
0.001083 8
0.000931 6
0.000029 10
0.000303 11
0.000167 10
0.000141 2
0.000127 8
0.000160 2
0.000567 14
0.000021 2
0.000831 8
0.000433 102
169.141717 1
0.340133 1
0.856404 1
0.256954 1
1.317156 17
0.013213 14
0.000705 110
1.356618 1
0.258539 1
0.408813 1
0.346674 1
0.443502 11
0.002097 10
0.000680 2
0.014062 39
0.001936 113
1.498402 1
0.400104 1
0.398719 1
0.266028 1
0.445135 8
