0.023173 8
0.000201 102
306.064685 1
0.325245 1
0.944502 1
0.680314 1
0.443804 1
0.830162 1
0.787753 1
0.619645 1
0.265595 1
0.247450 1
1.720479 1
0.643078 1
0.371335 1
0.512018 1
0.583034 1
0.111356 1
0.123472 1
1.455553 11
15.625518 1
0.238354 1
0.138307 1
0.167458 1
1.314745 2
20.380295 110
2.882675 1
0.308693 1
0.253246 1
0.141252 1
0.312368 1
0.987921 1
1.063032 1
0.340964 1
3.723215 4
1.944432 1
0.654320 1
2.100981 1
0.440035 1
0.210173 1
0.562565 1
2.166314 1
1.659333 1
0.363114 1
0.215278 1
3.019133 11
0.013338 70
0.000295 2
0.000853 8
0.000130 102
6.915746 1
0.207464 1
0.483135 1
2.015676 1
0.633720 1
0.382650 1
0.921955 1
0.739601 1
0.361450 1
0.140986 1
0.553232 1
0.578003 1
0.251875 1
0.335757 1
0.165241 1
1.555079 11
0.002237 4
0.000353 2
0.000531 8
0.000343 102
299.749107 106
4.443640 1
0.007893 1
0.096874 1
0.428093 4
0.152760 4
0.144142 4
0.112339 1
0.334263 1
0.061912 1
2.004646 1
0.603577 1
1.650634 1
1.151443 1
1.995808 1
0.956138 1
1.813577 1
0.605994 1
3.758633 1
0.377180 1
1.271951 1
2.105773 1
1.041397 1
2.035116 1
0.213344 1
0.975913 1
0.452695 1
0.963688 4
0.875771 1
2.219456 1
0.065593 1
1.260291 1
0.266074 1
0.525857 1
1.937371 1
1.448590 1
0.669298 1
0.095246 1
0.116706 1
0.758723 11
6.669498 1
0.177674 1
0.096048 1
0.261972 1
0.360155 2
4.323050 1
0.212018 1
0.140726 1
0.223820 1
0.610529 2
1.032194 2
1.907822 1
0.271821 1
0.208159 1
0.171315 1
0.585232 2
14.915215 4
1.656929 3
0.169251 3
0.165981 6
1.416631 110
3.796889 29
2.567449 11
2.793002 1
0.248021 1
0.111993 1
0.674715 1
0.438858 2
1.247550 2
5.209996 2
0.938820 2
1.227415 110
18.232896 29
2.562969 11
1.548246 1
1.343849 1
0.326734 1
0.293726 1
0.866269 1
0.786908 1
0.131702 1
0.266159 1
1.588995 2
2.463194 110
1.910994 1
0.273945 1
0.492955 1
0.240077 1
0.273236 1
0.567893 4
0.157771 4
0.162095 4
0.757459 1
0.174539 1
0.485048 1
2.098002 1
0.670752 1
0.972547 1
0.925802 1
0.123215 1
0.254251 1
0.218237 1
0.814657 1
0.505011 1
0.171064 1
0.107508 1
15.861162 11
0.008207 69
0.000125 2
0.001631 8
0.000392 102
5.271626 1
0.333107 1
0.904942 1
0.404026 1
0.351955 1
0.998912 1
0.463327 1
0.208314 1
0.304510 1
0.239673 1
0.211357 1
0.321162 4
0.276823 1
0.471501 1
0.614528 1
0.145865 1
0.437241 11
0.001204 8
0.000272 2
0.000504 8
0.000376 102
59.447707 1
0.256535 1
0.201443 1
0.453009 1
0.477095 1
0.203717 1
0.629018 1
0.568127 4
0.160350 4
0.365184 1
0.210714 1
0.274170 1
1.364877 1
0.760665 1
0.157315 1
1.067056 1
0.660552 1
0.532458 1
0.337283 1
0.228646 1
0.159559 1
17.329813 87
0.000620 8
0.000461 102
7.451661 1
0.097726 1
0.110639 1
0.225904 1
1.754897 1
2.304397 1
0.155456 1
0.674224 1
0.577787 1
1.001154 1
0.938907 1
0.273857 1
0.350195 1
0.342418 1
0.798882 4
0.390056 1
0.262545 1
0.646076 1
0.367946 1
0.107423 1
0.964404 11
0.056534 8
0.000201 54
0.000411 7
0.000070 6
0.008862 29
0.000316 32
0.000408 6
0.002086 3
0.000261 103
0.000752 6
0.000211 6
0.000114 106
0.000244 113
0.000207 33
0.000104 179
0.000420 5
0.000066 12
9.579833 52
0.334755 19
0.124346 19
0.164558 19
0.401956 19
0.122839 19
1.031712 23
0.800190 19
0.109160 19
0.300926 19
0.515459 21
0.492284 19
0.096664 19
0.465393 19
0.202222 19
0.952510 23
0.815431 19
0.238148 19
0.667005 19
0.777132 34
0.617180 19
0.216599 19
0.457581 19
0.352418 19
0.975270 23
0.607558 19
0.318171 19
0.608505 19
0.919591 19
0.377924 19
0.109460 19
0.059671 19
0.690870 23
0.729724 19
0.079409 19
0.349458 19
0.564223 19
2.540004 19
0.990858 19
0.145104 19
0.768238 19
0.388241 19
0.233736 19
1.163025 23
2.205798 19
0.696758 19
0.519246 19
1.585112 19
0.188114 19
0.231164 19
0.723684 19
0.160493 19
1.801161 23
1.118173 19
0.186757 19
0.502832 19
1.333295 19
0.159781 19
0.220982 19
0.566365 19
0.367727 23
0.703648 19
0.261360 19
1.144944 19
0.195766 19
0.953662 19
0.260275 24
0.967083 24
2.629982 247
2.849180 425
2.556339 50
0.004384 145
0.000646 8
0.000835 102
3.293442 18
0.864816 67
1.262229 11
0.003881 6
0.000489 2
0.000271 6
0.000057 2
0.000037 8
0.000032 2
0.000031 7
0.000031 2
0.000032 10
0.000075 2
0.000041 8
0.000035 2
0.000031 7
0.000032 2
0.000038 5
0.000089 2
0.000909 8
0.000668 102
35.792378 1
0.053561 1
0.792900 1
0.929732 1
0.607159 1
0.869907 1
0.528271 1
0.361505 1
0.211397 1
0.463920 1
0.538098 1
0.501221 1
0.240699 1
0.459639 1
0.719482 1
0.176378 1
0.490494 1
0.151983 1
0.091387 1
2.394338 11
0.005636 6
0.000124 2
0.000175 6
0.000412 2
0.000702 8
0.000431 2
0.000089 7
0.000524 2
0.000310 10
0.000180 2
0.000341 8
0.000123 2
0.000445 7
0.000213 2
0.000186 5
0.000271 2
0.000793 8
0.000218 102
66.981359 1
0.674717 1
0.226394 1
0.233430 1
1.725884 1
0.594390 1
1.621530 1
0.296699 1
0.588242 1
0.915893 1
1.000922 1
0.919561 1
0.239113 1
0.755681 1
0.551787 3
1.163342 3
1.751398 3
0.198240 3
0.252260 3
0.992959 3
1.470557 1
0.486269 1
0.793777 1
0.702150 1
0.518887 1
0.433959 1
0.520098 1
0.652289 1
0.773814 1
0.283856 1
0.259827 1
1.045654 1
1.685062 1
0.695277 1
0.149210 1
0.159627 1
0.479318 11
0.002693 73
0.000706 8
0.000196 102
97.443187 1
0.167670 1
0.481566 1
0.506812 1
1.695231 1
1.387917 1
1.057522 1
0.640006 1
0.585492 1
0.943530 1
0.405722 1
0.418748 1
1.230515 1
0.888070 1
0.208476 1
0.220911 1
0.237396 1
1.112694 1
2.179335 1
0.482576 1
0.496340 1
0.381374 1
0.615345 1
1.247671 1
0.474550 1
0.481533 1
0.771190 1
0.358796 1
0.330204 1
0.465575 1
0.433380 1
0.553158 1
0.449813 1
0.079717 1
0.164290 1
0.450698 4
0.184993 4
0.182609 1
0.736825 1
0.823766 1
1.018866 1
0.288220 3
0.118736 1
0.301222 1
1.186380 1
0.383352 1
1.959507 1
0.316719 1
0.394732 1
1.106567 1
0.777283 1
1.044431 1
0.170156 1
1.107913 1
0.187770 1
0.194734 1
0.139841 1
1.033938 1
0.543690 1
0.232616 1
0.180095 1
2.097970 166
132.066261 11
0.000762 8
0.000121 102
3.598971 1
0.134581 1
0.335385 1
0.138039 1
0.213844 1
2.858868 1
0.167856 1
0.330074 1
0.558144 4
0.273039 1
0.899646 1
0.192438 1
0.181092 1
3.132467 1
0.114999 1
0.359847 1
2.882417 1
1.021226 1
0.599811 1
0.098822 1
0.123861 1
3.729505 1
0.530265 1
0.184109 1
0.437313 1
0.502776 1
0.441926 1
1.281417 1
0.227328 1
0.368551 1
1.493313 1
1.570363 1
2.853960 1
0.157843 1
2.017021 1
0.122388 1
0.232386 1
0.211986 1
0.372509 1
1.113162 1
0.194618 1
0.191675 1
16.236024 11
0.018128 80
0.000828 2
0.000502 73
0.000187 2
0.000725 8
0.000422 102
2.358474 1
0.100217 1
0.248006 1
0.776875 1
0.467172 1
0.165898 1
0.421916 1
0.847588 1
0.632757 1
0.811038 1
0.194015 1
0.260645 1
1.867298 1
0.864109 1
1.987186 1
0.245102 1
0.689416 1
0.221518 1
0.446339 1
0.198221 1
0.836023 1
0.568650 1
0.221849 1
0.223054 1
0.663354 11
0.001085 6
0.000174 2
0.000337 6
0.000281 2
0.000072 8
0.000119 2
0.000272 7
0.000390 2
0.000067 10
0.000180 2
0.000205 8
0.000202 2
0.000341 7
0.000053 2
0.000030 5
0.000174 2
0.000601 8
0.000363 102
169.141488 1
0.340552 1
0.856200 1
0.257114 1
1.316665 17
