0.022456 8
0.000513 106
115.469564 1
0.391008 1
0.187041 1
1.761305 1
0.162237 1
0.164493 1
2.155855 1
0.445178 1
0.261738 1
0.229376 1
0.979957 125
0.943141 10
0.494401 1
0.163700 1
0.156436 1
0.130480 1
0.166389 1
0.337978 15
0.654412 11
0.180904 3
0.216283 3
0.129824 3
0.276235 3
0.156538 3
0.301809 4
0.159688 4
0.169868 4
0.634179 1
0.381652 1
0.328740 1
0.954148 125
0.803908 10
0.521358 1
0.167522 1
0.125152 1
0.141917 1
0.116740 1
0.721533 15
0.289369 11
0.290278 3
0.176536 3
0.145332 3
0.143200 3
0.152006 3
0.279688 4
0.159253 4
0.660465 1
0.181208 1
0.060728 1
0.141353 1
8.911298 125
1.831416 1
0.352974 1
0.127913 1
0.446621 4
0.157665 4
0.145241 4
0.501746 1
0.312628 1
0.123324 1
0.282380 1
2.429388 1
1.254297 1
0.057488 1
1.080347 1
1.066228 3
0.381768 3
0.316276 3
0.271041 3
1.194481 3
0.160016 3
0.263518 3
0.776350 3
0.293498 3
0.728067 3
0.250930 3
0.264652 3
1.136732 3
0.460484 3
0.159832 3
0.277594 3
0.128319 3
0.183059 3
0.362597 125
2.509769 1
0.354848 1
0.575849 1
0.426537 1
1.567472 1
1.492672 1
1.611623 1
0.069199 1
0.981421 1
0.577915 3
0.603883 3
0.124268 3
1.378196 3
0.552087 3
0.883992 3
1.002690 3
0.217913 1
1.924589 1
1.662329 1
2.042171 1
0.041679 1
1.025033 1
1.162066 3
0.271805 3
0.169088 3
1.222655 3
0.372216 3
0.198585 3
1.091541 130
3.269227 1
0.408031 1
0.235012 1
0.226448 1
1.030095 1
0.847533 1
0.901354 1
0.361127 1
0.141302 1
1.131522 1
0.183821 1
0.225777 1
0.784673 125
2.239545 1
0.246398 1
0.199884 1
0.279984 1
0.448430 1
1.304068 1
0.713152 1
0.422134 1
0.122323 1
0.411797 125
5.628227 1
0.791981 1
1.017140 1
0.624819 1
0.347997 1
3.070856 1
0.648760 1
0.409341 1
0.568093 1
0.715276 4
0.267674 1
0.213738 1
0.209223 1
0.185638 1
0.256444 1
0.268001 1
0.680130 1
4.097337 125
1.428065 15
0.362056 4
0.253373 4
0.189283 4
0.194994 4
0.184145 4
0.178184 4
0.200707 4
0.408474 4
0.170828 4
0.180221 4
0.507164 492
1.983556 1
2.320825 11
0.003404 11
0.000877 8
0.000287 106
10.057231 1
0.317031 1
0.152068 1
0.501512 1
2.318279 1
3.727362 1
1.205577 1
0.215425 1
0.397806 1
0.307936 1
2.396791 1
0.476020 1
0.226015 11
0.033698 8
0.000375 54
0.000390 7
0.000121 6
0.007540 29
0.000208 32
0.000658 6
0.000959 3
0.000320 96
0.000231 6
0.000606 6
0.000238 215
0.000347 208
0.000631 5
0.000148 12
8.941488 52
0.658960 19
0.283929 19
0.223036 19
1.220414 19
0.608902 35
0.279906 21
1.737010 35
0.673405 19
2.606485 19
0.229689 19
0.410003 19
0.235599 19
0.314332 19
0.497945 54
5.312488 241
1.604226 416
0.719986 52
0.011905 147
0.000854 8
0.000326 106
48.953545 1
0.277115 1
2.408842 1
0.307740 1
0.128326 1
0.424932 492
2.056281 1
0.265312 22
0.000871 8
0.000147 106
198.511129 1
1.780690 1
0.191771 1
0.436847 1
0.666915 1
1.332391 1
1.429902 1
0.442809 1
0.599474 1
0.378609 191
6.661749 1
0.527277 1
0.838827 1
0.598874 1
1.253468 1
1.214551 1
0.760433 1
0.750613 1
0.288431 1
0.754096 1
0.741302 1
0.111475 1
0.506388 1
0.623480 4
0.321218 1
1.511345 1
0.218315 1
5.167783 28
22.600530 1
3.528316 1
1.189638 1
0.741208 1
0.482000 1
2.884397 1
2.089311 1
1.597962 1
2.200669 1
0.800823 1
3.132368 4
0.205472 1
0.325377 1
1.710110 11
0.256716 45
0.000156 2
0.017483 8
0.000617 9
2.770886 11
0.449794 1
0.523951 7
0.372138 11
0.190896 44
0.000361 2
0.017340 8
0.000510 9
120.611127 10
1.789873 1
0.386458 1
0.290633 9
1.863556 3
0.913190 11
0.198179 43
0.000323 2
0.016998 8
0.000305 9
0.834034 9
1.167756 1
0.392655 1
2.281995 3
0.542954 1
0.299805 5
0.691380 3
0.201104 3
0.840174 1
0.286961 1
0.314517 1
0.364805 1
0.329911 1
0.530006 1
0.249073 1
0.251959 1
0.189540 1
0.226583 1
0.276256 1
1.397304 5
0.673416 11
0.193713 43
0.000260 2
0.016771 8
0.000617 9
73.988835 12
0.938380 1
0.503154 1
0.113902 1
0.187403 1
0.166563 1
0.152974 1
0.141056 1
0.176769 1
0.768253 5
0.845911 5
1.042660 1
0.218115 1
0.356967 1
0.800798 5
0.618763 3
0.186961 3
0.181749 3
0.165846 3
3.318921 5
2.304794 5
0.225999 5
1.884864 5
0.350117 5
0.393763 5
0.439067 5
0.579155 5
1.202139 3
0.238901 3
0.117456 3
0.156025 3
0.133261 3
0.148947 3
0.140668 3
0.450248 4
0.208676 4
0.153411 4
0.165050 4
0.281651 4
0.191760 4
0.846228 4
0.643397 19
7.350548 17
0.535078 17
0.206248 17
14.491040 12
0.036712 4
0.555500 12
0.002837 4
0.333246 12
1.140966 4
0.186254 4
0.500497 4
0.031237 4
0.031292 4
0.031045 4
0.031161 4
0.031604 4
0.029248 4
0.028958 4
0.032477 4
0.030757 4
0.031842 1
0.029582 1
0.030428 1
0.031657 1
0.031328 1
0.029421 1
0.030632 1
0.029997 1
0.031157 1
0.032100 1
0.031516 1
0.153004 17
0.175222 17
0.183535 17
6.478368 12
0.522042 13
4.276907 14
0.486577 5
0.398568 3
0.358335 28
6.520583 28
2.415095 15
6.708319 23
0.419352 40
0.309642 41
0.387605 21
0.243643 40
0.408142 19
0.607392 31
0.239925 1
0.417492 1
0.735093 15
2.302221 1
0.287193 1
0.830889 9
0.163686 9
0.289157 7
0.175250 9
0.136948 9
0.150282 9
0.227006 9
0.414500 9
0.804591 5
0.156601 5
0.278818 5
0.108946 5
0.147727 5
0.125110 5
0.119343 5
0.580578 5
0.188876 5
0.160748 5
0.332070 5
1.819170 5
0.368030 5
0.837683 5
1.041503 5
0.483451 5
0.161243 5
0.430139 5
0.484937 5
0.132254 5
1.327208 9
0.591420 5
1.240885 3
0.495212 7
1.297107 39
2.064372 1
20.163817 26
0.893544 1
1.025325 3
0.468751 3
1.332710 41
36.109803 1
0.286145 1
0.424838 1
0.488065 1
0.488599 17
