0.021659 8
0.000488 52
265.204158 1
0.837536 4
0.177593 1
45.012128 1
0.331155 1
0.253048 1
0.325908 1
1.983483 1
1.274715 1
3.836290 1
0.048227 1
0.554480 1
0.781347 3
0.834579 3
0.358225 3
0.099361 3
0.915638 11
0.000840 32
0.000078 2
0.000260 8
0.000230 52
16.873704 1
0.299808 1
0.282252 1
0.401070 1
0.997960 1
0.629248 1
0.317168 1
0.075448 1
0.093447 1
1.827587 1
0.570234 1
1.366871 1
1.035627 4
0.140587 4
0.153858 4
1.238858 1
0.695280 1
0.298264 1
3.115252 1
0.279071 1
1.030435 1
5.259564 3
1.973698 3
3.241393 3
0.911413 7
0.184414 3
0.461559 3
0.747017 3
0.375760 3
1.128269 148
0.000513 52
5.136365 20
0.402890 1
0.331271 1
1.696541 5
1.279291 198
27.390284 1
0.577442 1
3.091289 1
0.868868 71
0.963453 1
0.759322 1
0.577956 1
0.126595 1
0.155049 1
0.464345 4
0.144552 4
0.346740 4
0.151597 1
0.737944 1
0.673888 71
0.738617 4
0.452905 11
0.462178 24
1.041029 81
29.532849 1
0.240704 1
0.283908 1
0.219638 1
0.999970 1
0.468543 1
0.511716 1
0.193323 1
0.735734 1
0.825921 1
0.676706 1
0.130092 1
0.165978 1
0.436284 1
1.074757 1
2.246548 1
2.352855 1
0.270558 1
1.694654 1
1.898173 4
0.566888 1
0.857698 4
0.743899 1
0.830453 4
0.311796 1
1.000678 1
0.113143 1
0.890576 88
17.815575 1
0.621498 1
0.715789 1
0.458873 1
2.154007 1
0.753283 1
2.526055 1
1.190503 1
0.110394 1
0.374976 1
0.065958 1
2.037552 1
0.928413 78
17.175812 1
0.044190 1
0.164504 1
0.301212 1
0.562706 11
0.000988 32
0.000075 2
0.000717 8
0.000393 52
7.085382 1
0.606864 1
0.240115 1
0.284070 1
0.143804 11
0.164892 91
0.000325 2
0.000977 62
0.000110 2
0.000239 62
0.000910 2
0.000136 52
0.000151 2
0.000436 41
0.000112 2
0.000143 53
0.000375 2
0.000379 32
0.000262 2
0.015138 8
0.000425 52
1.454387 1
0.939448 1
0.262442 1
0.347537 1
0.262853 17
