0.409383 113
29.139791 1
0.173743 1
0.095694 1
1.068672 1
1.157073 1
0.658295 1
0.122912 1
0.135343 1
0.249980 1
0.527626 1
13.571737 2
0.031163 42
0.000071 7
0.000037 7
0.000015 7
0.000673 476
1.976224 36
0.449399 1
0.151239 1
0.185335 1
0.766965 1
0.521682 1
0.233011 1
0.310299 1
0.206445 1
0.739589 5
1.160499 1
0.234864 1
0.226848 1
0.190643 1
0.471494 1
0.225449 1
0.277338 1
0.145282 1
0.224297 1
0.181801 1
0.327624 3
0.138715 1
0.280199 1
1.248981 1
0.149300 1
0.140784 17
0.149738 1
0.575456 1
0.271737 5
1.671177 1
0.277414 1
0.296469 1
0.138259 1
0.313894 1
0.203256 1
0.336803 1
0.292869 1
0.435475 1
2.077916 1
0.544665 5
0.687382 1
0.430814 1
0.322693 1
0.360263 1
0.870817 1
0.255058 1
0.278530 1
0.162070 1
0.777187 1
0.444639 1
0.184093 1
0.256628 1
0.274143 1
0.784202 1
0.175944 1
0.297527 1
0.840905 1
0.211314 1
0.838334 5
1.119083 1
0.300359 1
0.566853 1
0.342725 1
0.168903 1
0.791728 5
0.779099 1
0.359668 1
0.366618 1
0.202043 1
0.440706 1
0.400284 1
0.133620 1
0.206878 1
0.517910 1
0.190289 1
0.520000 1
0.147794 1
0.267162 1
0.232472 1
0.893195 1
0.504366 1
0.111453 1
1.502643 1
0.382676 5
4.157934 1
0.227700 1
0.389296 1
0.136856 1
0.155867 1
0.719043 1
0.274004 1
0.236881 1
0.668288 1
0.328499 1
0.124327 1
0.215057 1
0.468233 1
0.371262 1
0.397832 1
0.252142 1
0.129410 1
0.383245 1
0.782909 1
0.814473 6
1.089280 1
0.292997 1
0.384960 1
0.183954 1
0.474158 1
0.469964 1
0.403619 1
0.138054 1
0.300942 1
0.114899 1
0.298798 1
0.111596 1
0.211702 1
0.463152 1
0.260290 1
3.020883 1
0.219308 1
0.120678 1
0.160565 1
0.129233 1
0.158860 1
0.130327 1
0.151985 1
0.167428 1
0.147907 1
0.176597 1
0.191769 1
2.106910 1
0.248456 1
0.892857 15
7.220715 61
4.700235 15
8.475416 188
2.480140 305
1.947152 245
7.091592 1
0.243031 1
0.169476 1
0.420555 1
1.341349 1
0.185739 1
0.113587 1
0.156075 1
0.193686 1
0.256430 2
0.000752 9
0.000050 2
0.000026 16
0.000023 2
0.000017 10
0.000014 2
0.000015 18
0.000014 2
0.000015 5
0.000014 2
0.000014 18
0.000015 2
0.000014 19
0.000015 2
0.000014 17
0.000015 2
0.000436 113
21.609674 9
0.497883 35
0.692701 2
0.008573 42
0.000076 7
0.000111 7
0.000028 7
0.000849 649
13.337491 742
2.663234 55
0.998556 4
0.713257 3
0.324892 28
0.482021 4
0.203526 4
0.130157 4
0.137381 4
0.122366 4
0.163320 4
0.150229 4
0.308690 1
0.193198 1
0.140869 1
0.135945 1
0.135081 1
0.136927 1
0.622661 1
0.528793 5
3.515956 21
0.721987 30
2.015839 188
1.239666 305
0.967536 245
1.212749 10
0.587643 35
0.512038 2
0.000968 9
0.000038 2
0.000016 16
0.000014 2
0.000014 10
0.000014 2
0.000014 18
0.000014 2
0.000014 5
0.000013 2
0.000014 18
0.000014 2
0.000013 19
0.000014 2
0.000014 16
0.000014 2
0.000405 113
36.288293 1
0.422948 1
1.131830 1
0.313241 1
1.006070 1
0.331833 1
1.420124 1
0.152727 1
0.135663 1
0.281326 1
1.662427 1
1.139496 1
0.209900 1
0.295379 1
1.103318 1
0.361170 1
0.114823 1
0.117042 1
0.137451 1
0.483155 1
1.149511 2
0.001476 9
0.000046 2
0.000029 16
0.000017 2
0.000016 16
0.000015 2
0.000017 10
0.000016 2
0.000017 18
0.000015 2
0.000016 18
0.000015 2
0.000086 5
0.000023 2
0.000018 18
0.000015 2
0.000019 19
0.000015 2
0.000017 19
0.000015 2
0.000017 16
0.000015 2
0.000456 113
33.943154 1
0.501074 1
0.309872 1
0.406787 1
0.185430 1
0.600341 1
0.726843 1
0.259783 1
0.406417 1
1.943537 1
0.792401 1
0.142168 1
0.224502 1
0.918865 4
0.322963 1
1.253763 1
0.395769 1
0.309389 1
0.370253 1
1.187783 1
1.168963 1
0.169509 1
0.124478 1
0.182990 1
13.130475 1
0.236730 2
0.000844 16
0.000039 2
0.000021 18
0.000016 2
0.000017 19
0.000015 2
0.000503 113
3.247755 1
0.390284 1
0.355697 1
1.026322 1
0.461675 1
0.389646 1
0.691424 1
0.644042 1
0.597671 1
0.325157 1
0.482728 1
1.086424 4
0.232372 4
0.745142 1
0.397903 1
1.298092 1
0.613428 1
1.077672 1
0.673909 1
0.459451 1
0.194303 1
0.151933 1
0.185973 1
0.171138 1
0.312181 2
0.001042 16
0.000043 2
0.000020 10
0.000015 2
0.000016 18
0.000015 2
0.000016 5
0.000015 2
0.000448 113
45.170870 20
9.395737 1
0.282505 1
0.185704 1
0.210710 1
0.191839 1
0.596394 1
0.915080 17
0.182838 17
0.170969 15
0.148330 17
0.154159 17
0.151328 17
0.154729 17
0.209322 15
2.086585 15
0.179710 13
0.362453 13
0.484043 15
0.556902 13
0.755243 13
0.463250 13
0.198686 13
1.489510 13
0.446007 13
0.175962 13
0.888238 2
0.001033 5
0.000053 53
0.000029 2
0.000740 113
249.078032 1
0.501438 1
0.263654 1
0.966020 1
0.517080 8
