0.015837 8
0.000287 52
9.472680 1
0.458894 4
0.162117 1
0.065043 1
0.629133 1
2.485019 1
0.601530 1
0.631412 1
0.107477 1
0.177012 1
0.184741 1
0.093444 1
0.269806 1
0.220828 1
0.145495 1
0.362328 1
0.524838 95
12.595864 1
0.079740 1
0.516138 1
0.420828 1
0.444168 1
0.321571 1
0.663993 1
0.117042 1
0.964512 1
0.198383 1
0.258242 1
0.345366 1
1.406891 1
0.304258 1
0.304499 1
0.327434 121
34.733390 1
0.731551 1
0.265590 1
0.346277 1
0.246649 1
0.773747 1
0.459549 1
0.115705 1
0.487286 1
0.150577 1
0.322862 1
0.429323 1
0.176484 1
0.397820 11
0.000971 8
0.000113 102
16.114784 1
0.311341 1
0.321249 1
0.760265 1
0.398693 1
0.806185 1
0.256843 1
0.387919 1
0.999880 1
0.181457 1
0.336063 1
0.241881 1
0.401278 1
0.252195 1
0.303896 1
0.483124 1
0.310834 1
0.249262 1
0.661929 1
0.167767 1
0.122396 1
0.163648 1
0.154095 1
9.772809 11
0.000387 8
0.000107 102
1480.385284 1
0.825637 1
0.269694 1
0.400060 1
0.335272 1
0.732646 1
0.509755 1
0.258161 1
0.122137 1
0.127567 1
0.240497 1
2.803915 1
0.831871 1
0.419741 11
0.002336 8
0.000135 102
1.048830 1
0.360487 1
0.427106 1
0.450045 1
0.356224 1
0.283194 1
0.353976 1
0.574634 1
0.301122 1
0.157468 1
0.165631 1
0.391053 1
0.381017 1
0.391657 1
0.178398 1
0.506828 1
0.152034 1
0.139844 1
0.175831 1
13.297057 1
0.226730 11
0.004153 9
0.000106 2
0.000039 16
0.000396 2
0.000326 10
0.000115 2
0.000628 18
0.000058 2
0.000037 5
0.000284 2
0.000139 18
0.000062 2
0.000157 19
0.000217 2
0.000382 16
0.000162 2
0.001030 8
0.000409 102
207.282529 1
0.174790 1
0.211234 1
0.308170 1
0.207961 1
1.053047 1
0.469808 1
0.259967 1
0.207060 1
0.328984 1
0.449402 1
0.267514 1
0.203554 11
0.010462 8
0.001048 102
8.829352 1
0.209943 1
0.192590 1
1.339385 1
0.813307 1
0.251913 1
2.363384 1
0.742445 1
0.534771 1
0.680064 4
0.422239 1
0.290408 1
0.270246 1
0.069200 1
1.885124 1
0.536000 1
1.298870 1
3.549719 1
1.080791 1
0.746250 4
0.796249 1
0.155994 1
1.857035 1
0.968181 1
0.556804 1
0.385804 1
0.429851 1
0.257480 1
4.212647 1
1.014690 1
0.810842 4
0.938036 1
0.171848 1
0.163306 1
0.259063 1
1.038517 4
0.168073 4
0.162868 4
0.129311 4
0.368146 4
0.545253 1
0.120546 1
0.204056 1
0.347965 1
0.231849 1
0.138370 1
0.063916 3
0.803873 1
0.465911 1
0.409971 1
0.117539 1
0.166089 1
0.217329 1
0.302557 11
0.007132 117
0.000164 2
0.000832 1
0.000405 2
0.000285 9
0.000165 2
0.000369 1
0.000148 2
0.001884 16
0.000897 2
0.000188 1
0.000258 2
0.000095 10
0.000105 2
0.000269 1
0.000260 2
0.000269 18
0.000052 2
0.000099 1
0.000092 2
0.000089 5
0.000089 2
0.000260 1
0.000113 2
0.000214 18
0.000059 2
0.000322 1
0.000119 2
0.000072 19
0.000102 2
0.000197 1
0.000098 2
0.000097 16
0.000178 2
0.000594 8
0.000269 102
24.024534 37
11.042628 4
0.499977 4
0.031224 4
0.031190 4
0.497744 4
0.501070 4
0.029409 489
0.029988 4
0.031266 4
0.030546 4
0.031601 4
0.031888 4
0.030393 4
0.031118 4
0.030171 4
0.032323 4
0.028948 4
0.031871 4
0.031501 4
0.030731 4
0.030131 4
0.031021 4
0.031278 4
0.031185 4
0.030179 4
0.031441 4
0.030469 4
0.030477 4
0.030041 4
0.031473 4
0.030698 4
0.031136 4
0.030325 4
0.029458 4
0.030834 4
0.031171 4
0.030154 4
0.030568 1
0.030592 1
0.029645 1
0.030996 1
0.032345 1
0.030684 1
0.032438 1
0.030755 1
0.031147 1
0.030828 1
0.030973 1
0.030848 1
3.870438 1
0.115471 1
0.141130 1
1.272922 1
0.937790 1
0.323966 1
0.270352 1
0.275054 1
0.226574 1
0.236616 1
0.217713 1
0.252551 11
0.055228 8
0.000199 54
0.000817 7
0.000079 6
0.009448 29
0.000126 28
0.000123 6
0.000429 8
0.000180 32
0.000184 12
0.000199 6
0.000671 3
0.000092 96
0.000159 6
0.000475 6
0.000360 215
0.000165 208
0.000462 5
0.000162 12
1.979362 52
0.935962 19
0.326781 19
0.315413 19
0.076440 19
1.417342 19
1.580293 19
0.700825 21
0.162447 19
0.168177 19
0.676582 19
0.946646 23
1.289031 19
0.377484 19
0.143211 19
1.478519 19
0.419429 19
0.146062 19
0.282159 19
0.306383 34
0.495804 21
0.512633 19
0.100373 19
11.303771 48
0.004318 105
1.445504 72
0.000587 110
6.189852 11
2.477666 4
0.499511 4
0.030925 4
0.031343 4
0.030490 4
0.031253 4
0.030285 4
0.031192 4
0.030021 4
0.032393 4
0.030231 4
0.032102 1
0.030394 1
0.030302 1
0.030433 1
0.030444 1
0.029593 1
0.029987 1
0.030168 1
0.030702 1
0.032523 1
0.029119 1
0.030703 1
0.029939 1
0.030567 1
0.031138 1
0.030431 1
0.030755 1
0.031166 1
0.031340 1
0.030910 1
0.030199 1
0.031299 1
0.031245 1
0.030327 1
0.030850 1
0.031206 1
0.030790 1
0.029712 1
0.030296 1
0.031575 1
0.030787 1
0.030553 1
0.031097 1
0.030177 1
0.031149 1
0.031113 1
0.031492 1
0.029723 1
0.029932 1
0.030966 1
0.030225 1
4.687129 1
0.201028 1
0.212378 1
1.329074 1
0.398789 1
0.576234 1
0.931864 1
0.231932 1
0.256157 1
0.311747 1
0.228288 1
0.330889 1
1.022967 1
0.167098 1
0.815846 1
0.136110 1
0.120013 1
0.143825 1
0.558009 1
0.575533 11
0.001110 9
0.000171 2
0.000405 16
0.000121 2
0.001858 10
0.000100 2
0.000580 9
0.000162 2
0.000161 18
0.000232 2
0.000128 5
0.000204 2
0.000376 9
0.000029 2
0.000045 18
0.000253 2
0.000270 9
0.000180 2
0.000103 19
0.000502 2
0.000060 16
0.000029 2
0.000564 8
0.000412 102
39.626152 1
0.212535 1
1.001344 1
0.969664 1
0.085854 1
0.312860 1
1.121841 1
0.526400 1
0.228731 1
1.566287 1
0.362277 1
0.139674 1
0.141798 1
0.188015 1
0.968068 1
0.502524 1
0.123676 1
0.357554 1
0.322515 1
0.282077 1
1.106546 1
0.437806 1
0.313642 1
0.734903 1
1.454490 1
0.338496 1
0.136046 1
0.127951 1
0.165140 1
0.219077 1
0.473569 11
0.001179 17
0.000175 2
0.000247 19
0.000104 2
0.000069 20
0.000298 2
0.000478 8
0.000087 102
71.112380 1
0.279150 1
0.236160 1
0.256649 1
0.236657 17
