0.029799 8
0.000312 78
72.484149 1
0.457154 1
0.179983 11
0.003449 103
0.000242 2
0.000635 117
0.000071 2
0.000052 102
0.000707 2
0.000079 95
0.000267 2
0.000822 8
0.000237 78
3.942429 1
0.269915 1
9.793835 1
1.213824 1
184.837681 4
0.977880 1
0.184679 1
0.130232 1
9.280288 1
0.545683 1
0.235270 1
0.285414 1
1.213336 1
0.656013 1
1.355663 1
0.242667 1
0.624181 1
0.341377 1
0.795564 1
0.452517 1
0.112569 1
0.098287 1
3.420525 1
0.500729 1
0.083848 1
0.084691 1
0.083129 1
0.085560 1
0.170917 1
0.501503 1
0.084695 1
0.083718 1
0.084790 1
0.255293 1
0.220196 1
0.185977 1
26.226713 33
0.146394 33
0.130635 33
0.125992 31
0.126709 33
0.309814 1
0.040003 3
0.500855 3
0.082159 3
0.084119 3
0.084685 3
0.082940 3
0.084553 3
0.083338 3
0.085094 3
0.082609 3
0.085452 3
0.083229 3
0.083562 3
0.084800 3
0.082991 1
0.081642 4
0.500621 4
0.084782 4
0.083443 4
0.085142 4
0.083351 4
0.085301 4
0.083748 4
0.082431 4
0.088295 4
0.080520 4
0.083191 4
0.084970 4
0.083614 4
0.085221 4
0.082984 1
0.084114 1
0.083664 1
0.094893 1
0.072612 1
0.479627 1
0.273687 1
0.321774 1
0.163090 1
0.035241 1
0.560935 1
0.134868 1
0.298811 4
0.160195 4
0.114746 4
0.130691 4
0.524196 1
0.094007 1
0.323227 1
0.148693 1
0.128340 1
0.468408 1
0.171412 1
0.131707 1
0.243348 1
0.184051 1
0.399076 1
0.424724 4
0.284193 1
0.249631 1
0.205738 1
0.183027 1
0.257702 131
7.994514 1
0.103819 1
0.172724 1
0.110782 1
0.181901 1
0.128875 1
7.555134 1
0.473765 1
1.519882 1
0.860037 1
0.070849 1
0.355743 1
1.836936 1
2.162275 1
1.747536 1
0.210149 1
0.281856 1
0.528859 1
0.551243 1
0.430051 1
0.160347 1
0.081235 1
3.362507 11
0.003475 4
0.000347 59
0.000533 56
0.000189 2
0.001473 8
0.000429 112
27.008730 22
0.272070 1
0.175618 1
0.138542 1
0.119095 1
0.135926 1
0.140100 1
0.114456 1
0.159676 1
0.166608 1
0.127993 1
0.142487 1
0.135950 1
0.158601 1
0.148013 1
0.157783 1
0.150046 1
0.173593 1
0.507883 3
0.284475 5
0.145096 5
0.325497 11
0.005014 4
0.000446 57
0.000248 56
0.000059 2
0.001997 8
0.001107 112
3.231162 20
0.475548 1
0.501870 1
0.083035 1
0.083275 1
0.084264 1
0.082398 1
0.082838 1
0.085465 1
0.083830 1
0.083385 1
0.085058 1
0.082722 1
0.085003 1
0.083598 1
0.163956 1
0.168667 1
0.136747 1
0.474859 1
0.224362 5
1.293471 5
0.356192 3
0.396583 5
0.394953 11
0.004824 8
0.000396 112
8.904295 1
0.138258 1
0.206525 1
1.173565 1
2.001806 1
0.089583 1
0.201183 1
0.243060 1
1.278748 1
0.304969 1
0.227855 1
0.307528 1
0.228401 1
1.533008 1
0.404791 1
0.156475 1
0.071950 1
0.316197 103
0.000408 8
0.000301 112
130.109856 1
0.078639 1
0.233265 1
0.119963 1
0.125395 1
0.459065 230
0.000438 8
0.000264 112
20.076185 1
0.412694 1
1.856233 1
0.139789 1
0.248097 1
2.263600 1
0.378325 1
0.554644 1
0.420085 1
0.245037 1
0.481015 1
0.397977 1
1.297712 4
0.413828 1
0.482516 1
0.891523 1
0.249547 1
0.231870 1
0.326294 1
25.508079 4
0.149377 4
0.502548 4
0.082052 4
0.082849 4
0.085480 4
0.083093 4
0.084621 4
0.083638 4
0.085175 4
0.083338 4
0.164341 4
0.166660 4
0.703193 1
0.376687 11
0.011349 13
0.000226 2
0.000746 76
0.000065 2
0.000067 86
0.000581 2
0.000200 82
0.000235 2
0.000082 82
0.000239 2
0.000048 84
0.000451 2
0.000405 84
0.000250 2
0.000046 84
0.000436 2
0.000107 84
0.000055 2
0.000983 8
0.000095 112
35.196626 1
0.237686 1
0.270044 1
0.137492 1
0.139662 1
4.865119 4
0.569709 1
1.482907 1
1.350632 1
0.763199 1
0.251742 1
0.124122 1
0.192553 1
0.199283 1
0.758853 1
0.744590 1
0.242688 1
0.278597 1
0.241138 1
0.548762 1
0.380836 1
0.135799 1
0.060825 1
2.170149 11
0.004843 8
0.000149 112
2.487621 1
0.259715 1
0.125601 1
1.529288 1
0.594133 1
0.204860 1
0.183147 1
0.205195 1
0.743735 1
1.049881 1
0.230100 1
0.243969 1
0.224790 1
0.871198 1
0.356092 1
0.115866 1
0.101760 1
1.032065 11
0.000423 13
0.000103 2
0.000218 75
0.000230 2
0.000119 69
0.000061 2
0.000041 69
0.000036 2
0.000037 69
0.000036 2
0.000036 71
0.000035 2
0.000036 71
0.000034 2
0.000103 71
0.000379 2
0.000039 70
0.000036 2
0.000384 8
0.000079 112
173.687314 1
0.107655 1
0.126672 1
0.343306 1
0.464141 1
0.270899 1
0.213633 1
0.135021 1
0.320625 1
1.543260 1
0.477678 1
0.105293 1
0.086298 1
0.415716 11
0.014767 8
0.000141 54
0.000439 7
0.000486 6
0.001564 29
0.000098 32
0.000036 6
0.002024 3
0.000152 96
0.000598 6
0.000372 6
0.000248 215
0.000064 208
0.000238 5
0.000154 12
0.869630 6
0.001068 7
0.000119 16
0.000219 16
0.000515 5
0.000088 129
0.000267 129
0.000971 130
0.000090 129
0.000055 130
0.000385 129
0.000274 128
0.000085 130
0.000055 131
0.000535 129
0.000081 130
0.000253 124
0.000347 12
2.094739 48
0.002346 105
0.315549 72
0.000771 120
7.974141 13
0.502221 86
0.001863 29
0.000451 28
0.000384 6
0.000276 8
0.000078 32
0.000139 13
0.000131 6
0.000970 3
0.000121 96
0.000358 6
0.000417 6
0.000079 215
0.000243 208
0.000512 5
0.000074 129
0.000252 129
0.000067 130
0.000315 129
0.000342 130
0.000048 129
0.000520 128
0.000079 130
0.000365 131
0.000075 129
0.000051 130
0.000324 129
0.000123 12
47.178083 71
0.000691 120
3.060461 1
0.111681 1
0.164785 1
0.518319 1
1.901917 1
0.777763 1
0.288796 1
0.299291 1
0.232593 1
0.185900 1
0.324884 1
0.833848 1
0.499594 1
0.806938 1
0.503221 1
0.545162 1
0.367147 1
0.425484 1
0.272956 1
0.275360 1
0.276000 11
0.002269 8
0.000312 54
0.000255 7
0.000087 6
0.001909 29
0.000142 32
0.000312 6
0.001077 3
0.000098 96
0.000053 6
0.000346 6
0.000078 215
0.000254 208
0.000231 5
0.000296 12
3.479696 52
1.011782 19
0.679978 19
0.203431 19
0.245029 49
1.291479 35
0.227602 23
1.095345 22
0.153165 22
0.141210 22
0.140845 22
0.311548 22
0.389488 35
474.220390 22
0.499405 21
0.083775 21
34.110956 21
0.498809 21
0.082953 21
0.084654 32
0.084310 21
0.083698 26
0.084419 21
0.082818 21
0.084181 21
0.083240 22
0.083119 18
0.084282 18
0.083842 18
0.083949 18
0.084424 18
1.331520 22
2.737563 21
0.184046 18
4.799106 44
1.140135 44
1.184855 21
0.526542 44
0.871759 44
0.534255 44
0.232072 44
0.628493 44
1.242111 44
0.457314 44
0.277536 44
0.291592 44
1.302941 44
0.490685 44
0.350124 44
0.589484 44
0.755643 35
1.350398 46
0.630798 44
0.547796 23
2.141310 22
0.521543 19
0.580424 37
1.245731 35
0.701710 37
0.872340 19
1.640227 35
0.387444 23
1.005028 19
2.008464 19
1.046391 19
0.292788 19
0.384111 49
0.660592 44
1.915504 35
1.431217 21
8.187101 19
1.874969 21
7.076662 35
1.832473 19
1.355339 19
0.638743 35
1.971049 37
2.103351 19
0.997866 35
1.809236 19
2.522242 57
1.726763 19
0.495420 19
0.537040 37
2.382251 19
5.849841 19
1.284955 46
3.250676 23
1.283948 35
372.932299 23
0.291847 18
0.823894 24
0.235733 21
0.146381 21
0.419771 21
0.367439 19
0.521780 21
0.403302 39
2.836187 19
0.433706 22
97.814136 21
0.918069 21
0.477827 49
6.578227 19
1.170018 19
0.670366 21
0.429471 46
7.758030 35
1.732075 37
1.148381 40
0.485204 37
0.794713 35
0.849961 19
1.127009 37
0.247877 37
1.179040 37
0.447988 37
0.257213 37
1.408159 39
0.584691 40
0.274989 37
0.250453 37
109.848653 21
1.223054 35
1.615551 35
0.452682 21
0.242933 19
0.237298 19
0.766840 19
12.819782 19
0.047349 48
0.009158 101
1.918618 55
0.008132 80
1.602911 71
0.000594 120
6.183443 1
0.143217 1
0.873298 1
0.345100 1
1.645820 1
5.872594 1
1.113784 1
1.054945 1
0.487101 1
0.891956 1
2.301172 1
0.605808 1
2.338951 1
0.202367 1
0.303769 1
0.718888 1
0.977265 1
0.560728 1
0.508519 1
0.577349 1
1.546741 4
0.615419 1
0.291856 1
0.371447 1
0.629234 4
0.565724 1
0.421702 1
0.598962 1
1.539730 1
0.367975 11
0.003044 8
0.000154 112
2.375553 1
0.393896 4
0.409233 1
0.147545 1
1.485630 4
0.191731 4
0.141754 1
0.470218 25
0.416641 1
0.500766 1
0.083473 1
0.084926 1
0.082695 1
0.084442 1
0.083548 1
0.083342 1
0.083606 1
0.084453 1
0.082546 1
0.084617 1
0.083747 1
0.084838 1
0.083080 1
0.220211 35
0.155833 35
0.242389 35
0.171851 35
0.139699 35
0.158820 35
0.133447 35
0.154825 35
0.134888 35
0.160084 35
0.850636 31
0.063568 31
0.498147 3
0.499990 3
0.084545 3
0.082814 3
0.084751 3
0.083755 3
0.083322 3
0.083784 3
0.083078 3
0.083904 3
0.082918 3
0.083982 3
0.084345 3
0.083036 3
0.083544 3
0.132360 1
0.679400 1
0.096881 1
0.157201 1
0.249773 1
1.104696 1
0.428532 1
0.122737 1
0.092359 1
0.325256 70
0.000538 8
0.000132 112
7.539492 26
0.438565 55
0.448109 81
1.921139 11
0.002749 8
0.000186 54
0.000275 7
0.000231 6
0.002004 29
0.000317 28
0.000087 6
0.000443 8
0.000122 32
0.000248 12
0.000507 6
0.001975 3
0.000321 96
0.000551 6
0.000504 6
0.000078 215
0.000271 208
0.000382 5
0.000071 36
0.000227 56
0.000420 112
0.000246 108
0.000060 18
0.000035 11
0.000200 12
6.467209 18
0.695576 22
0.611541 22
1.035360 22
13.645230 21
0.626903 22
1.079488 21
0.326222 21
0.278136 19
0.267956 21
0.252190 19
1.258678 21
0.239831 19
0.835549 19
0.374624 21
0.879842 56
1.017722 67
0.487502 51
0.722904 51
0.847205 34
0.265809 19
4.207188 47
0.606231 19
0.229614 19
0.155617 19
0.170969 19
0.171224 19
0.378274 19
0.214942 19
0.256876 19
2.122614 19
0.348915 19
0.341981 88
15.049746 110
0.848445 116
1.740251 48
0.003577 102
1.066541 102
2.008028 139
0.718654 116
1.603412 241
1.784712 424
1.932829 52
0.015047 145
0.000976 120
1.319739 20
0.830826 46
0.792051 11
0.000397 32
0.000107 25
0.000202 2
0.000879 8
0.000262 112
26.964735 26
1.155082 50
1.272759 86
0.000889 29
0.000132 28
0.000494 6
0.000264 8
0.000076 32
0.000162 12
0.000180 6
0.001130 3
0.000114 96
0.000074 6
0.000647 6
0.000073 215
0.000309 208
0.000461 5
0.000075 36
0.000437 56
0.000127 116
0.000434 108
0.000048 18
0.000112 11
0.000236 12
0.726127 6
0.000097 12
0.500832 6
0.000134 12
0.082834 6
0.000113 12
0.615752 6
0.000097 12
0.000294 4
0.174100 6
0.000114 12
0.000302 4
0.175612 22
0.246202 21
0.197314 21
0.292386 19
0.299114 21
0.359870 19
0.378567 19
0.246559 21
0.261068 19
0.248899 19
0.167023 21
0.185823 19
0.284934 19
0.919481 57
0.175111 38
0.194609 23
0.845377 68
0.669099 85
0.765922 79
0.730017 19
0.291093 19
0.271106 19
0.330216 21
1.927474 21
0.641503 64
0.918368 56
1.944645 241
0.916708 424
0.391578 52
0.004033 145
0.001185 120
1.312348 20
0.188818 46
0.681209 70
0.000547 8
0.000173 112
65.073185 26
0.596850 50
0.519370 86
0.000739 29
0.000126 28
0.000179 6
0.000369 8
0.000174 32
0.000072 12
0.000157 6
0.001089 3
0.000110 96
0.000268 6
0.000222 6
0.000243 215
0.000420 208
0.000480 5
0.000082 36
0.000143 56
0.000277 114
0.000302 108
0.000064 18
0.000035 11
0.000201 12
8.485639 21
0.443700 21
0.393769 23
0.260755 24
0.441062 19
0.271487 21
0.747363 77
2.031479 41
1.134388 44
0.466513 41
1.242212 44
2.658948 57
2.429573 19
0.371168 19
0.232862 40
0.188235 37
0.948283 37
1.184486 37
0.124932 39
0.579803 53
0.149361 37
4.237560 22
0.240178 22
0.351697 21
1.746018 21
0.529175 19
0.256628 21
0.299407 21
0.706064 32
0.501135 32
0.084412 32
0.173680 32
0.288690 32
0.172553 32
0.143489 31
0.146792 31
0.150851 31
0.159987 31
0.121119 31
0.140110 31
0.157465 31
0.157440 30
0.209643 28
0.425303 56
36.210584 22
0.401561 22
0.248815 21
0.224288 21
0.500633 19
0.083182 21
0.084330 19
0.083966 19
0.083804 19
0.084522 21
0.082961 21
0.084823 19
0.083642 19
0.084516 21
0.083355 19
0.083207 19
0.084113 19
0.336186 19
0.284916 19
0.265262 21
0.181241 21
0.143720 21
0.133693 40
0.140100 21
4.621985 48
0.009197 103
0.887086 72
0.000697 120
1.076079 20
0.346120 46
0.974259 189
0.000460 8
0.000120 112
396.805727 26
1.088927 50
0.908350 11
0.023177 8
0.000147 54
0.000244 7
0.000071 6
0.007960 29
0.000328 28
0.000383 6
0.000540 8
0.000096 32
0.000079 12
0.000497 6
0.001178 3
0.000092 96
0.000387 6
0.000209 6
0.000176 215
0.000343 208
0.000422 5
0.000089 36
0.000282 77
0.000266 108
0.000303 18
0.000070 11
0.000147 12
1.279782 22
0.345737 22
3.832238 21
0.500583 21
0.084212 19
0.083856 21
0.083259 19
0.083930 19
0.083485 19
0.084222 21
0.083621 21
0.084462 19
0.083547 19
0.451740 99
1.495685 37
0.179880 37
0.393319 45
1.697340 37
1.048346 37
0.491401 74
2.035149 37
2.139256 37
0.391398 37
0.266725 37
0.283746 37
0.155844 39
1.169887 37
0.232888 52
0.950027 37
0.084255 37
0.842019 19
1.343628 39
0.354124 62
5.656809 21
0.290699 21
0.347124 21
0.815266 19
0.503087 19
0.081515 19
0.083458 19
0.084096 19
0.083559 19
0.083798 19
0.083984 19
0.084033 19
0.084339 19
0.083302 19
0.084406 19
0.084017 19
0.084248 19
0.084051 19
0.084003 19
0.083757 19
0.084445 19
0.185682 25
0.800229 35
2.640349 22
0.441320 21
0.195973 21
0.557691 21
0.337414 21
0.165735 21
0.462498 21
1.002856 35
2.352417 48
0.003967 103
0.368178 72
0.000413 120
1.136138 20
0.383270 46
0.659764 189
0.000412 8
0.000224 112
25.526955 26
0.830125 50
0.592569 11
0.000630 8
0.000257 54
0.000135 7
0.000055 6
0.001725 29
0.000280 28
0.000309 6
0.000386 8
0.000166 32
0.000333 12
0.000071 6
0.001356 3
0.000206 96
0.000255 6
0.000259 6
0.000195 215
0.000215 208
0.000518 5
0.000111 36
0.000225 77
0.000292 95
0.000085 108
0.000131 18
0.000118 11
0.000160 12
1.133585 22
0.294254 22
1.204311 22
0.382113 21
0.166208 21
0.149733 21
0.118445 21
0.128137 21
0.304119 21
0.732690 57
0.216820 110
0.158289 19
0.185830 21
0.142620 21
0.142229 21
0.145294 21
0.132299 21
0.266974 21
0.167434 21
0.135419 34
0.134147 21
0.138159 21
0.381971 44
0.146480 62
0.348128 21
0.204486 21
1.002349 49
147.041058 119
0.903468 19
0.190467 19
0.152798 19
0.147645 19
0.151257 19
0.263542 19
0.174184 19
0.153086 19
0.167574 19
0.132978 19
0.154530 19
0.140374 19
0.245058 19
0.725952 25
0.230033 110
0.519978 19
0.193363 21
0.176239 21
0.150551 21
0.130776 21
0.140622 21
0.126413 21
0.157838 21
0.150993 21
0.142999 21
0.298021 21
0.478250 44
0.329929 62
0.858631 6
0.008513 34
0.778741 42
0.576926 40
0.052264 40
0.658786 42
0.123697 42
1.126547 40
0.075524 40
0.487250 42
0.127906 42
1.498412 39
0.046069 39
0.919784 19
0.697885 41
2.417898 22
2.438368 48
0.003461 103
0.543249 105
2.131987 192
1.020942 20
0.283364 46
0.458542 225
0.000439 8
0.000122 112
4.708993 1
0.652411 26
0.419380 50
0.580391 86
0.000854 29
0.000128 28
0.000175 6
0.000364 8
0.000270 32
0.000079 12
0.000364 6
0.000711 3
0.000074 96
0.000218 6
0.000192 6
0.000347 215
0.000281 208
0.000592 5
0.000125 36
0.000233 77
0.000089 95
0.000239 114
0.000122 108
0.000273 18
0.000068 11
0.000240 12
3.053477 22
0.355417 22
0.312865 22
0.333589 22
1.133359 21
0.502134 21
0.082473 21
0.083501 21
0.084565 21
0.084005 21
0.083543 19
0.084474 21
0.082402 21
0.085461 21
0.082823 21
0.084610 21
0.083196 21
0.083276 21
0.084605 21
0.083855 34
0.082678 21
0.083469 21
0.083937 19
0.084019 21
0.083764 21
0.294949 21
5.507666 55
1.204304 19
0.304338 40
0.199199 40
0.355599 40
0.372877 21
1.182598 35
6.317373 48
0.003275 103
0.466197 23
2.077529 18
0.738636 52
0.679274 21
0.574645 240
1.321055 424
0.418931 52
0.004406 145
0.001112 120
0.658654 20
0.762068 46
1.076477 50
0.724745 46
1.107312 11
0.001664 8
0.000142 1
0.000218 6
0.000221 1
0.000215 4
0.000179 1
0.000150 2
0.000046 1
0.000224 4
0.000274 2
0.000176 8
0.000070 1
0.000042 3
0.000183 1
0.000156 4
0.000144 1
0.000047 3
0.000056 1
0.000127 4
0.000099 2
0.000289 8
0.000080 1
0.000133 6
0.000047 1
0.000126 4
0.000059 1
0.000493 2
0.000205 1
0.000309 4
0.000148 2
0.000087 8
0.000055 1
0.000766 6
0.000087 1
0.000042 4
0.000051 1
0.000038 2
0.000037 1
0.000038 4
0.000180 2
0.000519 10
0.000216 1
0.000134 4
0.000579 1
0.000223 4
0.000310 1
0.000071 3
0.000220 1
0.000150 3
0.000111 2
0.000255 8
0.000206 1
0.000138 6
0.000243 1
0.000087 4
0.000950 1
0.000022 2
0.000015 1
0.000013 4
0.000014 2
0.000554 8
0.000045 112
148.589222 26
1.079584 29
0.322528 1
0.935870 26
0.199028 50
0.455163 86
0.000881 29
0.000135 28
0.000211 6
0.000420 8
0.000089 32
0.000349 12
0.000064 6
0.001179 3
0.000365 96
0.000478 6
0.000423 6
0.000386 215
0.000271 208
0.000683 5
0.000195 36
0.000414 77
0.000545 95
0.000075 95
0.000417 108
0.000231 18
0.000312 11
0.000078 12
0.837844 18
0.884714 22
0.466169 22
0.211818 22
0.300107 22
0.491253 21
0.218459 21
0.185315 21
0.499513 21
0.083018 21
0.085778 21
0.204459 19
0.371033 21
0.291280 21
1.659677 21
0.264140 21
0.170000 21
0.169748 21
0.145937 21
0.146118 34
0.178475 21
0.875536 21
9.759274 74
0.412448 42
0.899075 19
0.626591 41
0.822487 64
2.436591 48
0.005728 103
0.417668 105
0.803043 103
0.792117 69
0.773344 241
1.137343 424
0.252453 6
0.000670 4
0.000157 5
0.000500 37
0.004537 7
0.000122 15
0.000062 6
0.000512 8
0.000084 30
0.000388 12
0.000154 6
0.001033 1
0.000194 8
0.000521 12
0.000080 32
0.000266 8
0.000586 8
0.000086 112
0.695427 20
0.397860 46
0.549538 335
0.001116 8
0.000991 112
9.620253 1
0.035116 26
3.476227 29
0.900678 26
0.158618 50
0.463378 11
0.002394 8
0.000319 54
0.000279 7
0.000087 6
0.002582 29
0.000241 28
0.000296 6
0.000664 8
0.000080 32
0.000363 12
0.000041 6
0.001404 3
0.000193 96
0.001429 6
0.000323 6
0.000084 215
0.000184 208
0.000743 5
0.000469 36
0.000093 77
0.000447 95
0.000081 125
0.000396 108
0.000077 18
0.000479 11
0.000077 12
0.638558 18
0.504219 18
0.081259 18
0.358337 18
0.263984 18
1.904383 22
0.298759 22
0.163598 22
0.212244 21
0.500468 21
0.083744 21
0.084746 21
0.083436 21
0.084714 21
0.083753 19
0.084074 21
0.082880 21
0.083880 21
0.085173 21
0.083769 34
0.227898 22
0.170918 22
0.225927 21
0.347251 21
0.216356 21
0.220787 21
0.204103 21
0.216245 21
0.904822 58
0.758308 95
0.513097 21
0.166436 21
0.156102 21
0.416388 21
0.390830 25
0.158390 44
0.158245 42
1.658147 42
2.988941 241
0.794946 424
0.337505 52
0.006467 7
0.001121 15
0.000024 6
0.000091 8
0.000021 30
0.000017 12
0.000015 6
0.000123 1
0.000375 8
0.000972 12
0.000041 32
0.000018 8
0.000367 8
0.000092 112
0.643713 20
0.535945 46
0.932103 304
0.000536 8
0.000254 112
10.748851 26
0.490796 29
0.219172 1
0.500320 26
0.207681 50
2.217173 11
0.007277 8
0.000521 54
0.000343 7
0.000412 6
0.002949 29
0.000309 28
0.000116 6
0.000705 8
0.000073 32
0.000358 12
0.000077 6
0.001665 3
0.000194 96
0.000271 6
0.000280 6
0.000079 215
0.000406 208
0.000639 5
0.000200 36
0.000493 77
0.000248 95
0.000585 95
0.000173 108
0.000230 18
0.000349 11
0.000133 12
1.367779 18
0.520957 22
0.327097 22
0.199793 22
0.183990 22
0.832331 21
0.502277 21
0.081784 21
0.085287 21
0.083869 21
0.083427 21
0.083653 19
0.085673 21
0.083662 21
0.082747 21
0.085492 21
0.083661 21
0.084997 21
0.083483 21
0.084084 34
0.085448 21
0.674736 21
205.082580 21
0.694911 56
0.499859 42
0.083168 40
0.084828 40
0.082451 49
0.084813 40
0.083358 40
0.083499 40
0.083987 40
0.083852 40
0.083473 40
0.083977 40
0.082998 42
0.083731 40
0.083983 40
0.084266 6
0.000097 12
0.000051 1
0.000025 2
0.000036 21
0.173647 6
0.000065 12
0.000032 1
0.000022 21
0.177951 6
0.000059 12
0.000032 1
0.000021 21
0.180119 6
0.000216 14
0.000028 15
0.000037 7
0.000014 11
0.000015 12
2.441462 48
0.002996 103
0.969163 72
0.000535 120
1.935043 20
1.538128 46
0.684004 54
0.000590 8
0.000462 112
5.440283 1
0.003297 1
0.717526 1
0.335184 1
0.338897 26
0.797587 50
0.521848 11
0.018668 8
0.000174 54
0.000482 7
0.000100 6
0.001927 29
0.000736 28
0.000126 6
0.000885 8
0.000095 32
0.000424 12
0.000065 6
0.001021 3
0.000119 96
0.000537 6
0.000512 6
0.000078 215
0.000435 208
0.000405 5
0.000070 36
0.000130 77
0.000200 96
0.000137 108
0.000225 18
0.000050 11
0.000035 12
1.150351 22
0.434143 22
0.489615 21
0.502594 21
0.081615 19
0.084574 21
0.084567 19
0.082826 19
0.083940 19
0.084085 21
0.453027 21
0.271980 22
0.240575 21
0.501026 21
0.083755 21
0.083481 21
0.085005 21
0.083283 21
0.084179 21
0.082620 34
0.083725 21
0.083583 21
0.083412 21
0.990010 55
1.773354 48
0.011677 103
0.732001 103
0.552644 72
0.000543 120
0.953894 20
0.166722 46
0.904164 189
0.000622 8
0.000256 112
553.519729 26
0.551892 50
0.748937 19
0.000353 54
0.000270 7
0.000096 6
0.003671 29
0.000189 28
0.000243 6
0.000419 8
0.000086 32
0.000141 12
0.000384 6
0.001334 3
0.000108 96
0.000056 6
0.000619 6
0.000188 215
0.000213 208
0.000570 5
0.000324 36
0.000093 77
0.000301 95
0.000281 108
0.000073 18
0.000258 11
0.000111 12
1704.236727 71
0.000536 120
2.777880 1
0.838762 1
0.937364 4
0.206784 4
0.221475 1
0.586244 1
0.291217 4
0.115572 1
0.401159 1
0.128060 1
0.304810 1
0.239874 17
