0.110420 8
0.000420 52
334.101794 1
0.171456 1
0.721735 1
0.359247 1
0.216836 1
0.624087 1
0.097805 1
0.196734 1
0.110292 1
0.116132 1
0.301819 1
0.202546 1
0.132828 1
0.167584 1
0.217532 95
1.894813 1
0.070895 1
1.203804 1
0.668748 4
0.313070 1
0.402024 1
0.303901 1
0.404061 1
0.719881 1
0.301109 1
1.248168 1
0.667894 1
0.887170 1
0.554743 1
0.386259 1
0.202743 1
0.123777 1
0.322134 121
3.254703 1
0.270496 1
0.490471 1
0.207369 1
0.437813 1
1.441706 1
0.624682 1
0.291607 1
0.382746 1
0.183106 1
0.222030 1
0.504069 4
0.803735 1
0.173377 1
0.179040 1
0.312823 1
17.877014 11
0.006446 8
0.000244 102
5.566379 1
0.388609 1
0.683625 1
0.733125 1
0.504809 1
0.245010 1
0.219365 1
0.294647 1
0.186900 1
0.188278 1
0.255203 1
0.182809 139
11.136727 1
0.164411 1
0.150066 1
0.577797 1
21.225021 1
0.428283 1
0.198894 1
0.160532 1
0.364888 1
0.768137 1
11.398345 1
0.486526 1
0.295492 1
0.296155 1
0.281062 1
0.257702 1
0.164208 1
1.058126 1
8.819822 11
0.002403 8
0.000247 54
0.000178 7
0.000129 6
0.000763 29
0.000096 32
0.000210 6
0.000909 3
0.000101 98
0.000108 6
0.000137 6
0.000071 215
0.000092 208
0.000263 5
0.000164 12
5.162955 52
1.231443 19
1.198903 19
0.634341 21
0.176920 21
0.120245 22
0.231553 22
0.499503 18
0.032641 18
0.028789 18
0.030613 18
0.031129 18
0.030970 18
0.030273 18
0.031624 18
0.031459 18
0.029938 18
0.031710 18
0.029779 18
0.030366 30
0.030501 18
0.030613 18
0.030740 18
0.030353 18
0.029795 18
0.031461 18
0.032018 18
0.030970 18
0.851191 21
0.183410 18
0.130064 18
0.492256 18
0.501008 18
0.031494 18
0.030241 18
0.030408 18
0.030066 18
0.031029 18
0.029578 18
0.031025 18
0.031378 18
0.751883 19
0.818951 19
0.100302 19
0.287626 19
0.404061 21
0.173753 21
0.145119 21
0.167452 22
0.136304 18
0.142031 18
1.603347 22
0.296318 18
5.035993 21
0.185419 18
0.217711 18
64.305408 19
0.136781 19
0.157042 19
0.074010 19
0.946907 21
0.249956 21
0.204022 21
0.172337 22
5.619802 19
0.040541 19
0.150570 19
6.907959 6
0.002145 14
0.506127 20
0.162837 20
0.148236 20
0.464910 21
0.500716 21
0.030119 21
0.030125 21
0.030662 21
0.031626 21
0.030329 22
0.031023 18
0.031111 18
0.030909 18
0.031135 18
0.031041 18
0.030820 18
0.031809 18
3.136931 20
0.042115 20
0.210463 20
4.176557 21
0.151136 21
0.144803 22
0.138867 18
4.012497 20
0.938109 22
1.015797 20
1.158790 20
0.156714 20
0.242082 20
0.177979 20
0.168156 20
0.399778 20
0.276545 19
0.418775 20
0.320677 20
0.244782 20
0.201361 20
1.065333 19
0.433947 20
0.131567 20
0.627716 19
0.243947 19
0.336502 19
0.597036 19
0.232846 23
1.276763 20
0.584537 20
0.148855 20
0.060351 20
0.700807 20
0.374074 19
0.516443 20
0.377844 20
0.267328 20
0.198335 20
0.169203 20
0.120278 20
0.418324 20
1.397535 19
0.607029 20
0.283477 20
0.990660 19
0.339145 19
0.281792 19
0.274248 19
0.939169 23
0.737587 20
0.466973 20
0.245798 20
0.495193 20
0.239913 20
0.201566 20
0.228344 20
0.177021 20
0.143944 19
0.658485 20
0.377620 20
0.123695 20
0.202892 20
0.602206 20
0.653499 21
0.302010 20
0.300509 20
1.064432 19
0.419681 20
0.231699 20
0.378375 19
0.237123 19
0.296840 19
0.143786 19
0.172357 23
4.950982 20
0.217684 20
0.194092 20
0.567938 20
0.212644 20
0.239546 20
0.655075 19
0.386406 20
0.222797 20
0.202936 20
0.175663 20
0.281811 20
0.273810 20
0.207282 20
0.125647 20
1.314032 19
0.374566 20
0.420502 20
0.388852 19
0.303058 19
0.298918 19
0.608097 21
0.160013 19
0.429125 19
0.243146 23
3.660273 20
0.324444 20
0.679098 20
0.098308 20
0.233944 20
0.506788 19
0.325771 20
0.397207 20
0.154040 20
0.224690 20
0.213908 20
1.153844 19
0.461403 20
0.163760 20
0.375969 19
0.261347 19
0.110316 19
0.252702 19
1.005777 23
1.320126 20
0.353975 20
0.159538 20
0.264113 20
0.471928 20
0.694920 19
0.299803 20
0.269794 20
1.033247 20
0.118114 20
0.328435 20
0.146742 20
0.470247 21
0.219655 20
0.129217 20
0.543457 21
0.059516 20
0.845495 19
0.849302 20
0.216379 20
0.627724 19
0.244037 19
0.143737 19
0.190231 19
0.637396 23
1.012452 20
0.257430 20
0.204336 20
0.132043 20
0.233669 19
0.341532 20
0.379943 20
0.138914 20
0.449039 20
0.218699 19
0.368230 20
0.183547 20
0.964369 19
0.552378 19
0.104577 19
0.126745 19
48.405659 243
1.338613 67
0.001073 8
0.000219 120
253.109877 2
0.852853 4
3.614864 2
0.431562 2
0.407824 4
0.150883 4
0.159641 1
0.145967 1
1.785235 2
0.446807 2
0.013981 2
1.490921 4
0.159765 4
0.154497 4
0.139279 1
0.623656 1
2.408524 2
0.339109 2
0.314432 2
0.089699 2
0.087889 2
0.923528 2
0.071454 2
0.442695 2
0.409214 4
0.177872 4
0.158207 4
0.500771 4
0.031408 4
0.031006 4
0.030244 4
0.031166 4
0.031212 1
0.030242 1
0.030909 1
0.030955 1
0.032490 1
0.031516 1
0.031096 1
0.031689 1
0.029453 1
0.031083 1
0.030661 1
0.029730 1
0.030237 1
0.032115 1
0.030962 1
0.031775 1
0.031048 1
0.029998 1
0.031557 1
0.030827 1
0.030819 1
0.032499 1
0.631182 2
0.317899 2
0.038243 2
0.130134 2
0.452167 4
0.174719 4
0.166862 4
0.339148 4
0.138028 1
0.171536 1
0.162788 1
0.185878 1
1.621511 2
0.228560 2
0.176023 2
0.453073 2
0.134491 2
0.074080 2
0.275321 2
0.842420 4
0.499119 4
0.029479 4
0.031640 4
0.031196 4
0.031070 4
0.030724 4
0.031401 1
0.032424 1
0.031205 1
0.029833 1
0.030559 1
0.031256 1
0.030796 1
0.031249 1
0.030293 1
0.030026 1
0.032920 1
0.030542 1
0.030687 1
0.030457 1
0.030532 1
0.030902 1
0.029990 1
0.031904 1
0.030206 1
0.031136 1
0.030744 1
1.504114 2
0.156050 2
0.056587 2
0.235272 2
0.058877 2
0.045104 2
0.404574 4
0.499908 4
0.030917 4
0.030548 4
0.029346 4
0.030451 4
0.030997 1
0.030775 1
0.030222 1
0.030518 1
0.031731 1
0.031404 1
0.031566 1
0.029696 1
0.030924 1
0.029590 1
0.031419 1
0.030071 1
0.031036 1
0.030795 1
0.030059 1
0.519119 2
0.072180 2
0.015377 2
0.031841 2
0.180261 2
0.357190 4
0.499699 4
0.030752 4
0.030321 4
0.030976 4
0.031410 1
0.031400 1
0.032392 1
0.030860 1
0.030138 1
0.031528 1
0.031447 1
0.031106 1
0.030782 1
0.031931 1
0.832514 2
0.168119 2
0.224105 2
0.041728 2
0.098908 2
0.092196 2
0.640548 4
0.500595 4
0.029631 4
0.030426 4
0.031649 4
0.028939 4
0.030849 1
0.031384 1
0.029979 1
0.032014 1
0.029675 1
0.031225 1
0.030888 1
0.031499 1
0.031296 1
0.030518 1
0.030310 1
0.030752 1
0.030709 1
0.030720 1
0.030355 1
0.032119 1
0.031644 1
0.030414 1
0.030056 1
0.032165 1
0.030276 1
0.030630 1
0.032652 1
0.028073 1
1.019631 2
0.212417 2
0.200904 2
0.776178 2
0.191724 2
0.364927 2
0.203008 2
0.606588 2
0.210520 143
0.145425 143
1.118924 4
0.499497 4
0.030469 4
0.031402 4
0.032314 4
0.029861 4
0.030556 4
0.030984 4
0.031528 1
0.030684 1
0.030438 1
0.030891 1
0.030330 1
0.031509 1
0.030605 1
0.030271 1
0.030229 1
0.030255 1
0.029419 1
0.030677 1
0.030931 1
0.030024 1
0.032099 1
0.031037 1
0.031114 1
0.032486 1
0.031112 1
0.030737 1
0.031160 1
0.030646 1
0.029410 1
0.033790 1
0.027717 1
4.271940 1
0.206763 1
5.620286 2
0.175748 2
0.198812 2
0.358799 4
0.186247 4
0.274607 4
0.160231 1
2.006095 2
0.924436 2
0.541817 4
0.177363 4
0.170298 1
10.448294 2
0.020306 2
0.260328 2
0.388897 2
3.827842 2
0.366289 2
0.400751 2
5.331520 4
0.155941 4
0.142676 4
0.142758 4
0.155146 4
0.337981 4
0.181221 4
0.750838 2
0.048498 2
0.055723 2
0.041390 2
0.174182 2
0.651077 4
0.500705 4
0.030700 4
0.030560 4
0.030235 4
0.031352 1
0.030599 1
0.030191 1
0.030813 1
0.031586 1
0.030125 1
0.030386 1
2.888258 2
0.092917 2
0.195612 2
0.312952 2
0.049731 2
7.337913 4
0.497038 4
0.030304 4
0.029915 4
0.030624 4
0.033182 1
0.031035 1
0.029991 1
0.030322 1
0.031120 1
0.031103 1
0.030879 1
0.030102 1
0.030496 1
0.031443 1
0.030937 1
0.031142 1
0.030613 1
0.030945 1
0.030776 1
5.961561 2
0.156932 2
0.128997 2
0.109631 2
0.112717 2
0.150143 2
0.134209 2
0.167204 2
0.126995 2
0.140648 2
0.661127 4
0.504850 4
0.026087 4
0.031604 4
0.031431 4
0.029225 4
0.032165 4
0.032624 4
0.029914 4
0.032780 4
0.030035 1
0.031160 1
0.031115 1
0.031591 1
2.166113 2
0.107394 2
1.077340 4
0.239626 4
2.907609 1
0.011277 1
0.033090 1
0.218741 1
0.048326 1
0.406103 4
0.180190 4
0.164099 4
0.157123 4
0.296094 4
1.192938 1
0.196113 1
0.272452 1
0.063778 1
0.221724 4
0.188396 4
0.151815 4
0.142839 4
0.160754 1
0.178350 1
0.570320 2
0.081801 2
0.183418 2
0.044192 2
0.187224 4
0.198823 4
0.156485 4
0.161061 4
0.182078 1
1.702011 1
0.206137 1
0.090878 1
0.346439 4
0.184896 4
0.163972 4
0.155822 1
1.381335 1
0.182761 1
0.016257 1
0.932621 4
0.145374 4
0.154828 4
0.138721 1
0.109014 1
0.464106 2
0.237109 2
0.091355 2
0.258528 2
0.513841 4
0.136170 4
0.142319 4
0.121582 4
0.125497 1
0.441601 1
0.203214 1
0.083142 1
0.773471 4
0.142275 4
0.150786 4
0.149777 1
0.121903 1
0.150811 1
809.436917 1
1.782073 1
0.231316 1
0.606275 1
0.314212 1
0.678656 4
0.311466 1
2.308930 1
0.091794 1
1.554488 1
1.356010 1
0.259345 1
0.264531 1
0.346808 1
0.480424 1
1.056202 1
0.602829 1
0.939091 1
0.425555 1
0.894718 1
0.282963 1
0.193014 1
0.474877 1
0.597326 1
0.492968 1
0.269201 1
0.500249 1
0.030179 1
0.030787 1
0.031970 1
0.030600 1
0.030569 1
0.031096 1
0.031024 1
0.031700 1
0.031496 1
0.239642 1
0.240143 1
0.199151 1
0.216014 1
0.885881 5
0.400180 166
0.126050 168
0.246184 171
0.178460 174
1.572485 177
1.603099 180
0.431294 183
2.096288 186
1.084693 189
0.439595 192
0.961156 193
0.236475 190
1.410104 189
1.028569 192
0.314114 195
2.939890 198
1.922563 201
5.750579 14
0.001071 5
0.000085 25
0.000289 28
0.000384 2
0.000473 8
0.000091 120
5.935523 36
2.536379 1
0.497709 1
0.029973 1
0.031326 1
0.031442 1
0.031517 1
0.030480 1
0.030611 1
0.031101 1
0.033049 1
0.031733 1
0.032074 1
0.031888 246
0.032292 1
0.031285 1
0.031996 1
0.030666 1
0.030233 1
0.031024 1
0.029951 1
0.031460 1
0.030039 1
0.031863 1
0.031066 1
0.030716 1
30.708367 3
0.500494 3
0.031459 3
0.031424 3
0.030954 3
0.030720 3
0.031604 3
0.031130 3
0.031876 3
0.030503 3
0.031166 3
0.031004 3
0.031278 3
0.030390 3
0.032485 3
0.031350 3
0.030198 3
0.031258 3
0.031007 3
0.030794 3
0.031143 3
0.030845 3
0.031122 3
0.031829 3
0.031670 3
0.030624 1
0.031488 1
0.029876 1
0.029749 1
0.031129 1
0.032388 1
0.032123 1
37.613656 4
0.500433 4
0.029536 4
0.031549 4
0.030734 4
0.031470 4
0.033316 4
0.030833 4
0.031951 4
0.030624 4
0.031593 4
0.030462 4
0.030453 501
0.030781 4
0.030951 4
0.031381 4
0.030933 4
0.030887 4
0.030537 4
0.030213 4
0.030871 4
0.030407 4
0.031198 4
0.031333 4
0.030522 4
0.032301 4
0.031346 4
0.031427 4
0.031378 4
0.030652 4
0.031913 4
0.031345 4
0.030277 4
0.030783 4
0.031009 4
0.032296 4
0.030570 1
0.032534 1
0.031034 1
0.030117 1
0.031595 1
0.030960 1
0.030551 1
0.030569 1
0.463298 18
0.379895 33
0.462640 29
1.145498 11
0.001605 8
0.000332 54
0.000204 7
0.000061 6
0.001295 29
0.000103 32
0.000043 6
0.000799 3
0.000072 98
0.000112 6
0.000235 6
0.000129 215
0.000091 208
0.000361 5
0.000138 12
15.929902 53
0.661183 22
0.594441 20
0.409964 20
0.361990 20
0.269721 20
0.608216 20
0.069114 20
0.194989 20
0.322899 19
0.294647 35
0.622561 20
0.192036 20
0.125464 20
0.180316 19
0.268219 20
0.128355 20
0.782475 19
0.346029 19
0.116888 19
0.408714 19
1.138457 23
0.721987 20
0.401799 20
0.160742 20
0.055993 20
0.428010 20
0.823839 19
0.485925 20
0.407468 20
0.273545 20
0.370098 20
0.297102 20
0.286139 20
0.195041 20
0.959366 19
0.574728 20
0.244269 20
1.129467 19
0.295445 19
0.147996 19
0.155768 19
0.878124 23
0.827509 20
0.540389 20
0.178287 20
1.582886 20
0.319344 20
0.237951 20
0.283698 20
0.257174 20
0.151889 19
0.501459 20
0.403250 20
0.146646 20
0.345087 20
2.037006 20
0.215528 20
0.700383 19
0.405433 20
0.115852 20
0.893639 19
0.326233 19
0.178219 19
0.246976 19
1.647965 23
1.045442 20
0.224324 20
0.264791 20
0.532936 20
0.191503 20
0.236694 20
0.751742 19
0.529031 20
0.309923 20
0.103098 20
0.135507 20
0.384872 20
0.194462 20
0.123317 20
0.243243 20
0.935729 19
0.263723 20
0.186752 20
0.208219 19
0.179080 19
0.302345 19
0.151831 19
0.898790 23
1.094137 20
0.524022 20
0.139581 20
0.124355 20
0.535705 20
27.951180 19
1.672803 20
0.125656 20
0.815001 21
0.160052 20
0.219824 20
0.221164 20
0.215448 20
0.385827 19
1.690246 20
0.167347 20
1.084771 19
0.499543 19
0.133319 19
0.121679 19
1.344455 23
0.876039 20
0.429301 20
0.108764 20
0.234742 20
0.115448 20
0.829477 19
0.333481 20
0.320614 20
0.123971 20
0.153731 20
0.164519 20
0.213741 20
1.419327 20
0.112177 19
0.366926 20
0.187506 20
0.881603 19
0.894574 19
0.146144 19
0.608434 19
0.202315 23
2.578722 20
1.055493 20
0.205192 20
0.263759 20
0.616445 19
0.471912 20
0.305366 20
0.438904 20
0.215783 20
0.870259 19
0.808784 20
0.204520 20
0.534859 19
0.235550 19
0.152622 19
0.689910 19
1.015547 23
1.344240 25
5.816466 48
0.003937 103
3.501497 72
0.000663 128
4.524685 18
0.516711 21
0.399202 18
0.377230 33
0.365883 47
0.846292 29
0.800400 27
0.495594 21
0.706359 67
1.567620 326
0.272128 18
0.193082 23
0.310510 33
0.326878 47
0.352994 29
0.454447 21
0.393543 18
0.995296 21
0.358959 1
0.323282 1
0.365218 18
0.242387 21
0.172240 18
0.152254 33
0.151945 47
0.158060 29
0.139788 27
0.158227 21
0.171587 67
0.175306 154
0.347891 377
0.249201 13
0.202564 322
0.200909 13
0.190574 27
0.263942 22
0.239975 20
0.290905 7
0.246452 6
0.426109 21
0.482101 27
0.254728 20
0.182447 25
0.169272 166
0.170760 326
0.172479 30
0.175081 217
0.186154 181
0.383607 34
0.368750 387
0.396592 32
0.386316 67
0.235481 67
0.230787 27
0.240526 56
0.273482 45
0.268801 371
0.343885 60
0.315194 58
0.294604 24
0.275101 22
0.267919 73
0.359882 326
0.311451 77
0.471884 75
0.330098 199
0.383440 12
0.410641 32
0.504385 69
0.408639 326
0.216690 57
0.162720 326
0.219341 58
0.108674 263
0.186441 16
0.916260 375
1.400369 4
0.500645 4
0.030994 4
0.030811 4
0.030709 4
0.031830 4
0.030723 4
0.030410 4
0.030948 4
0.033066 4
0.031185 4
0.032045 4
0.030971 4
0.032014 4
0.031350 4
0.031448 4
0.029818 1
0.032836 1
0.029980 1
0.030685 1
0.030400 1
0.030775 1
0.029247 1
0.031589 1
0.031371 1
0.030652 1
0.030596 1
0.433658 2
0.291071 2
0.271385 2
0.982315 4
0.312435 4
0.191832 4
0.217018 1
0.206659 1
4.480818 1
0.297994 1
0.237327 1
19.456653 1
0.802904 4
0.507822 1
0.761819 1
1.418992 1
0.793151 1
1.029168 1
0.474038 3
0.378748 3
0.128275 3
0.243220 3
0.261891 3
1.373955 3
2.638325 3
0.810491 3
1.096641 3
2.724704 3
0.515118 3
1.447491 3
3.885056 3
1.784484 7
0.725221 3
0.514161 3
1.646384 3
1.587093 1
1.508106 1
0.674543 3
0.321199 1
0.306955 1
0.275802 1
0.560502 1
0.516905 1
0.606217 1
0.149448 1
0.674744 1
0.658150 1
0.142680 1
0.266190 1
1.109954 1
0.582982 11
0.000654 25
0.000077 2
0.000127 27
0.000290 2
0.000288 31
0.000075 2
0.000126 31
0.000423 2
0.000434 23
0.000061 2
0.000037 27
0.000177 2
0.000225 19
0.000125 2
0.000897 8
0.000209 120
52.337381 124
166.903009 1
0.823724 1
0.319701 1
1.772105 1
0.710105 1
0.323516 1
1.100147 1
0.269851 1
2.275733 1
0.868323 1
0.716082 1
1.280027 1
0.943795 3
0.532390 3
0.223312 3
0.411218 3
0.484224 3
1.780575 3
1.388856 3
0.970278 3
4.619425 3
1.012662 1
2.080054 1
0.175773 1
0.273198 1
0.369793 1
0.440551 1
1.016958 1
0.764522 1
1.059165 1
0.433652 1
0.575472 1
0.381586 1
0.560890 3
0.442799 1
1.142827 1
1.622817 11
0.003463 26
0.000121 2
0.001500 8
0.000636 120
77.124307 1
0.389808 1
0.450550 1
1.173178 1
0.697410 1
3.309636 1
1.622737 1
0.315340 1
1.897767 1
0.152866 1
0.785849 1
1.559337 1
0.542751 1
1.291527 1
0.501334 1
0.471125 1
0.345953 1
0.579017 1
1.056638 1
0.709079 1
0.692516 1
0.382068 1
0.794222 1
0.383613 1
0.187744 1
0.443046 1
0.306840 1
14.288529 83
0.000814 8
0.000239 120
165.743101 27
1.354979 1
0.295446 1
0.502677 1
0.266040 1
0.237839 1
0.499719 1
0.030005 1
0.030728 1
0.031210 1
0.223682 1
0.318428 1
0.567947 1
0.591960 1
0.184865 1
0.175501 1
0.130300 1
0.140852 1
0.267310 1
0.360193 1
0.535608 5
0.378779 5
1.085653 3
0.228947 3
0.642293 3
0.360008 5
1.789249 5
0.848830 5
0.872365 1
2.525786 6
2.300925 6
0.389515 5
0.484495 6
3.774125 3
2.119650 3
1.406764 5
0.145106 192
2.088758 194
0.108371 197
1.814390 1
2.722851 198
1.662970 201
0.397697 204
0.395096 207
0.193265 210
2.434255 2
0.000756 1
0.001280 2
0.000619 9
0.006494 34
0.000382 2
0.000742 8
0.000308 120
15.086723 124
2.444265 124
36.098840 41
1.481275 1
0.499969 1
0.030092 285
0.030430 1
0.030729 1
0.029298 1
0.031953 1
0.031935 1
0.031432 1
0.032022 1
0.031334 1
0.031770 1
0.031923 1
0.031618 1
0.032096 1
0.030365 1
0.031533 1
0.030552 1
0.032153 1
0.031304 1
0.031139 1
0.030744 1
0.031173 1
1.767181 1
0.253566 1
0.201493 1
0.169812 1
0.191577 1
0.149015 1
0.116908 1
0.151789 1
0.354620 1
0.270688 1
0.768586 181
0.345847 184
0.273003 187
0.526974 190
0.319574 193
0.176502 196
2.172404 199
0.828263 3
0.328811 3
0.641224 204
0.201655 203
0.503917 206
1.541306 3
0.416097 3
0.187749 3
0.188257 3
0.305710 3
0.404007 3
0.401575 217
0.171474 214
0.151687 211
0.144371 208
0.144864 205
0.160818 202
0.160225 197
0.939923 200
0.680026 201
1.068820 204
2.639466 3
2.220412 209
0.894246 212
0.117791 215
0.874169 1
0.432720 216
0.396100 219
0.328294 222
0.232018 225
0.322148 228
0.900942 3
3.788095 3
0.198263 3
0.120435 3
0.262287 3
0.156579 3
0.291610 3
0.129133 3
0.167571 3
0.363225 3
0.392197 249
0.166748 246
0.175902 243
0.170627 240
0.171812 237
0.152775 234
0.179746 231
0.339015 228
0.387209 225
5.415696 14
0.004061 32
0.000463 2
0.000196 34
0.000062 2
0.000131 38
0.000147 2
0.000347 38
0.000057 2
0.000083 30
0.000059 2
0.000048 34
0.000064 2
0.000085 26
0.000039 2
0.001856 8
0.000351 120
139.849438 1
0.892232 1
0.376443 1
0.228300 1
0.581151 1
0.117658 1
1.236414 1
0.215253 1
0.822406 5
0.448039 9
0.631089 5
0.472387 3
0.694837 3
0.397222 3
0.144584 3
0.208144 3
0.180694 3
1.762353 3
0.464609 3
0.278770 3
1.320641 3
1.414935 3
1.303355 3
0.378434 3
2.148994 3
1.010922 1
1.288560 1
0.365215 1
0.200609 1
0.302473 1
0.391142 1
1.437064 1
0.435976 1
0.417889 1
0.319115 1
0.657346 1
0.071108 1
0.209190 1
0.309647 1
0.429237 1
1.114233 11
0.001553 34
0.000105 2
0.000329 36
0.000223 2
0.000277 40
0.000074 2
0.000178 40
0.000357 2
0.000196 32
0.000269 2
0.000983 36
0.000699 2
0.000095 28
0.000678 2
0.000400 8
0.000289 120
12.687312 1
0.263033 1
0.320305 1
1.708353 1
0.268626 1
1.190155 4
0.357777 1
1.390058 1
0.186790 1
0.799047 1
0.723242 3
0.456942 3
0.131263 3
0.231630 3
0.192008 3
1.224455 3
0.838932 3
0.092421 3
0.739542 3
0.815387 3
0.123713 3
0.230459 3
0.049110 3
0.871809 3
0.406567 3
0.075123 3
0.878633 1
1.008314 5
1.699962 5
0.605261 3
1.193013 3
1.199637 1
0.646274 4
0.274460 1
2.808063 1
0.909633 1
0.293073 1
0.389631 1
0.496196 1
0.275353 1
0.509353 1
0.342440 1
0.723075 1
0.127211 1
0.187060 3
0.141026 1
0.288262 1
0.214211 11
5.610793 4
0.645066 4
0.830130 3
0.499387 3
0.031106 6
0.031094 3
0.029877 3
0.030013 6
20.554939 2
0.576356 4
2.065067 128
1.611862 1
0.499972 1
0.031223 1
0.031637 1
0.031607 1
0.031529 1
0.030353 1
0.031613 1
0.031671 1
0.031034 1
0.031900 1
0.031788 1
0.031326 1
0.030949 1
0.032179 1
0.030570 1
0.031354 1
0.031591 1
0.030120 1
0.032026 1
1.048744 39
3.601940 1
0.500109 1
0.031864 285
0.030607 1
0.030825 1
0.030399 1
0.030857 1
0.032009 1
0.030462 1
0.031909 1
0.030631 1
0.030511 1
0.031451 1
0.030313 1
0.031538 1
0.563868 3
0.687150 3
0.580986 219
0.493200 14
0.000718 8
0.000196 2
0.000113 14
0.000456 2
0.000099 12
0.000146 2
0.000221 16
0.000324 2
0.000081 10
0.000293 2
0.000138 14
0.000034 2
0.000029 8
0.000120 2
0.000905 8
0.000353 120
74.273664 1
0.207153 1
0.381057 1
1.456452 1
0.205354 1
1.024052 1
0.074729 1
0.640110 1
0.669733 3
0.154042 3
0.371421 3
2.528971 3
0.492736 3
0.210311 3
0.858830 7
0.215275 3
1.728914 3
1.038210 3
0.338566 3
1.340877 3
0.845302 1
0.518408 1
0.205231 1
0.372579 1
0.639875 1
0.471203 1
0.088613 1
0.872237 1
0.364706 3
0.562612 3
0.123956 3
0.208806 3
0.137876 3
1.559184 3
0.075266 3
0.967218 3
1.036938 3
1.086898 7
0.210991 3
0.107233 3
0.652689 3
0.307979 3
2.712866 1
0.372814 5
1.207694 3
1.865882 235
1.469626 3
0.235233 3
0.366259 3
1.498080 3
2.161457 1
0.725270 3
2.039905 3
0.890566 1
0.787067 4
0.289622 1
1.271298 1
0.427861 1
0.253459 1
0.405036 1
0.776511 4
0.163976 1
0.434954 1
0.360635 1
0.328030 1
0.519960 1
0.227122 1
0.511906 1
0.159258 1
0.153628 1
0.136181 1
0.228132 1
1.332381 78
0.000497 8
0.000233 120
3.913332 56
7.493130 1
0.496555 1
0.030771 1
0.031063 1
0.031710 1
0.030068 1
0.031299 1
0.031547 1
0.031760 1
0.031258 1
0.031619 1
0.030653 1
0.031439 1
0.032513 1
0.031022 1
0.032768 1
0.031948 1
0.030206 1
0.031113 1
0.029998 285
0.030260 1
0.030109 1
0.031499 1
0.031848 1
0.033767 1
0.031225 1
0.031012 1
0.029988 1
0.030996 1
0.031573 1
0.029866 1
0.381381 3
0.226880 3
0.129088 3
0.147268 3
0.438185 223
0.790620 23
0.000710 8
0.000271 120
10.958580 1
0.368465 1
0.549688 1
1.693307 1
0.172523 1
2.514385 1
0.225051 1
0.685706 1
1.031258 3
5.492144 3
19.273605 3
1.000988 7
0.832596 3
0.588335 7
0.380670 3
0.711801 7
8.751006 3
0.775715 7
0.212276 3
0.780635 7
3.568316 3
0.682265 3
0.472526 7
0.198722 7
1.097957 3
0.591132 3
0.539309 7
0.196829 7
0.402686 3
0.647554 7
3.411874 3
1.060358 7
0.581645 3
0.179909 3
0.140552 3
0.601405 3
0.150444 3
0.149283 3
0.144186 3
0.538032 7
0.137391 7
0.138799 7
0.135001 7
0.137247 7
0.143606 7
0.137967 7
1.005739 3
1.313124 7
1.501068 3
0.853898 7
4.875377 3
21.086209 3
1.968124 4
0.660200 4
0.344780 4
0.181167 4
0.663890 4
0.219349 4
0.236994 4
0.187725 4
1.619403 7
0.187571 4
3.762562 3
0.917904 7
0.666486 3
0.821700 7
1.382737 3
0.660649 7
0.912554 3
0.589766 7
1.048006 3
2.268777 5
0.591864 3
5.938751 3
0.642340 4
1.408943 1
0.246490 1
0.227962 1
0.365498 1
0.187927 1
0.384670 1
1.317288 1
0.701378 1
0.186364 1
0.387600 1
0.127900 1
0.164221 1
0.144433 1
0.240116 1
1.411865 11
0.005666 38
0.000133 2
0.002007 8
0.000127 120
29.688306 1
0.224433 1
0.309014 1
0.993576 1
0.310188 1
0.539518 4
0.306829 1
0.409925 1
0.826509 1
1.281466 1
1.364082 3
0.370854 3
1.645149 3
2.313658 3
1.225190 7
0.139480 7
0.313270 3
2.316080 7
0.370355 3
0.468036 3
1.322471 3
0.493901 3
2.048676 3
0.093580 3
0.849696 1
2.135101 6
1.196744 6
1.454512 3
0.825483 4
0.167173 4
0.216518 4
0.365168 4
1.727638 3
0.750908 7
0.852953 3
2.470288 3
0.734316 1
1.312431 1
0.412697 1
0.240353 1
0.235396 1
0.216155 1
1.484774 1
0.444941 1
0.599853 1
0.241756 1
0.469348 1
0.215061 1
0.138760 1
0.403809 1
0.290367 3
2.674180 14
0.003014 30
0.000109 2
0.000468 8
0.000330 120
1.536674 45
0.977642 14
0.000557 30
0.000102 2
0.000699 8
0.000093 120
80.775181 124
93.435798 1
0.323480 1
0.117985 1
0.118478 1
0.187608 1
1.039948 1
0.589724 1
0.128891 1
0.207929 1
0.223025 1
0.708054 1
0.250523 1
0.245911 1
0.190043 1
1.325712 1
2.026292 1
0.687721 1
47.268761 11
0.001410 8
0.000503 54
0.000238 7
0.000070 6
0.000758 29
0.000081 32
0.000140 6
0.000902 3
0.000185 111
0.000159 6
0.000600 6
0.000233 108
0.000162 115
0.000123 33
0.000070 72
0.000116 110
0.000926 5
0.000160 12
1.717910 6
0.000274 7
0.000066 15
0.000201 6
0.000598 12
0.000115 5
0.000314 1
0.080263 6
0.000234 12
0.000073 1
0.156085 6
0.001198 12
0.000182 1
0.926828 19
0.475551 19
1.033003 19
0.123711 19
0.151996 19
0.146424 19
1.588284 19
0.275689 19
3.151024 19
0.195671 19
0.430149 19
0.235012 19
0.252960 19
0.183583 19
1.435134 23
0.789267 19
0.246069 33
0.131800 19
0.157101 19
0.213421 19
1.306627 19
0.391128 19
0.124054 19
0.978738 19
0.616124 19
0.394582 19
0.206998 23
2.049073 19
0.109788 19
0.086698 19
0.068191 19
0.142374 19
0.046609 19
2.062152 19
0.457097 19
0.289929 19
0.306377 19
0.119751 19
0.167313 19
0.147657 19
1.437316 19
1.296788 19
0.465909 23
0.999111 19
0.795595 19
0.255303 19
1.989448 19
0.353875 19
0.320254 19
0.232289 19
0.655747 19
0.127682 19
0.673777 19
0.230638 19
0.577953 19
0.104819 19
1.105045 19
0.157078 19
0.354892 19
5.647007 23
0.747826 19
0.318226 19
0.122598 19
0.203120 19
0.165150 19
0.887924 19
1.875906 19
0.388729 19
0.415515 19
0.225604 19
0.191026 19
0.455289 19
0.370325 19
0.208920 19
0.116850 6
0.000090 12
0.000042 1
0.247840 23
1.689174 19
0.227376 19
0.128027 19
0.164077 19
0.164890 19
0.539362 19
0.822495 19
0.255596 19
0.007217 19
0.709593 21
0.138617 21
0.097136 19
0.083176 19
0.274226 19
0.840437 19
1.210733 19
0.350617 19
0.824142 23
0.766495 19
0.168785 19
0.436013 19
0.427111 19
1.090244 19
1.540928 19
0.869916 19
0.452429 19
0.287608 19
0.136055 19
0.170730 19
0.274968 19
2.008595 19
3.249716 23
0.621259 19
0.207012 19
0.218823 19
0.108373 19
0.313525 19
1.576066 19
0.351708 19
0.193739 19
0.428688 19
0.203352 19
0.992648 19
0.373926 19
1.262068 24
0.972575 19
0.227444 19
0.384392 19
0.349953 19
0.339047 19
0.113248 19
1.742306 19
5.586125 19
0.313206 19
0.131644 19
0.154149 19
0.154792 19
4.041807 19
0.493041 19
2.599551 24
2.549625 19
0.283834 19
0.271396 19
0.359201 19
2.848544 19
0.168201 19
0.161815 19
0.182986 19
0.144686 19
2.696998 19
1.093569 19
0.185729 19
0.325620 19
0.110134 19
0.187641 19
0.171941 19
1.656806 19
0.432986 19
1.079780 24
0.640084 26
2.366527 48
0.005140 105
1.624803 72
0.000796 128
5.472007 1
0.235606 1
0.623199 1
0.503655 1
0.189783 1
2.175324 1
2.912998 1
0.616929 1
0.545572 1
2.75