0.334752 113
2.501723 1
0.311658 1
0.525754 1
0.095372 1
1.423161 1
0.466949 4
0.093342 1
1.522090 1
0.414018 1
0.707317 1
1.911912 1
1.519235 1
0.585403 1
0.167146 1
0.252075 1
0.218407 1
6.926552 2
0.001539 113
3.961102 1
0.501975 1
0.331712 1
0.722823 150
20.808901 1
0.200107 1
2.336766 65
2.437198 2
1.194807 5
1.287055 17
1.929088 2
0.002562 63
2.833357 14
0.490798 19
1.011420 5
0.727222 75
186.708404 1
0.455606 1
1.305479 1
7.427235 4
6.068688 1
1.001496 1
0.557867 1
0.173384 1
2.873659 1
7.703890 1
10.096218 76
3.508174 1
1.406314 1
0.400273 1
0.455310 1
0.465644 1
0.232914 1
0.405221 1
1.267711 1
0.854548 1
42.636473 1
0.206331 1
1.033370 1
1.817021 1
0.425778 1
0.846937 1
0.145879 1
16.388211 2
0.003528 63
26.419779 1
0.123245 1
0.672046 4
0.263426 1
0.299490 1
1.120578 1
0.576973 1
0.338141 1
10.402881 1
0.163470 1
0.295730 1
0.292341 1
2.583652 1
0.737436 1
0.813606 1
0.242800 1
1.498139 1
0.412657 3
0.552185 3
0.221408 3
0.269646 3
0.419624 3
1.111214 3
1.093993 1
1.366319 1
0.781784 1
0.563713 1
0.305455 1
1.340337 1
0.267499 1
0.208815 1
0.246786 1
0.846052 1
0.238517 1
0.263565 1
3.599438 4
0.878774 1
4.054939 2
0.001492 61
0.000134 2
0.000186 60
0.000045 2
0.000034 55
0.000026 2
0.000507 63
116.861900 31
2.174806 1
0.500250 1
0.030262 1
0.031341 1
0.031022 1
0.029892 1
0.032103 1
0.030515 1
0.031857 1
0.030568 1
0.032502 1
0.031588 1
0.214739 1
0.501304 1
0.030554 1
0.030099 1
0.031326 1
0.030750 1
0.031146 1
0.120504 1
0.476306 1
1.166416 5
0.301250 5
2.602933 5
0.389949 5
0.923070 5
0.150874 5
0.293519 5
0.601982 5
0.160330 5
1.096273 5
6.145602 3
0.204765 3
0.167212 3
0.147286 3
0.128755 3
0.139694 3
0.157727 3
0.094793 3
0.533872 3
0.537860 5
0.177044 5
0.284006 5
0.200039 5
0.410314 5
0.395515 5
0.172602 5
0.184634 5
2.095369 2
0.001055 55
0.000058 2
0.000349 63
7.053969 25
0.790507 72
0.908372 1
0.500968 1
0.031041 1
0.031192 1
0.030379 1
0.030423 1
0.030683 1
0.032392 1
0.031663 1
0.032946 1
0.031398 1
0.030395 1
0.032247 1
0.030199 1
0.032035 1
0.031583 1
0.030006 1
0.031779 1
0.030881 1
0.031272 1
0.030593 1
5.741921 5
0.393058 5
0.184781 5
0.384291 5
0.447351 5
0.159363 5
0.305369 5
0.451426 5
0.187012 5
0.611263 5
0.284417 2
0.000754 55
0.000043 2
0.000377 63
30.900143 33
0.945891 1
0.500083 1
0.030485 1
0.031176 1
0.030892 1
0.030235 1
0.030485 1
0.030634 1
0.031844 1
0.030364 1
0.031283 1
0.171767 1
1.168056 5
0.246923 5
0.266948 5
0.229351 5
0.342257 5
0.214713 5
0.503094 5
195.338886 5
0.215226 5
0.192747 5
0.161298 5
0.162784 5
0.140412 5
0.136311 5
0.135888 5
0.457044 3
0.499690 3
0.030845 3
0.030633 3
0.030084 3
0.030978 3
0.030349 3
0.031143 3
0.031682 3
0.033490 3
0.030398 3
0.031666 3
0.031401 1
0.030757 1
0.031665 1
0.030990 1
0.031108 1
0.031658 1
0.029444 1
0.031657 1
0.030849 1
0.031793 1
0.031659 1
0.031142 1
0.031049 1
0.006140 4
0.501398 4
0.031043 4
0.030024 4
0.029940 4
0.030864 4
0.031417 4
0.030871 4
0.031510 4
0.031458 4
0.031108 4
0.031591 4
0.031372 4
0.030394 4
0.031059 4
0.031173 4
0.030575 4
0.963214 1
0.289568 1
0.787831 1
0.721255 1
0.671324 1
0.618554 4
0.353651 1
3.726778 1
0.710587 1
0.116771 1
0.932666 1
1.610426 1
0.641812 4
0.597649 1
2.312735 1
0.321984 1
0.683616 1
0.958908 1
0.288063 1
0.519019 1
0.092004 1
1.532560 1
0.587378 1
1.391534 1
0.496076 1
0.430974 4
0.357681 1
0.739530 1
0.915529 4
0.266449 1
0.945182 1
0.172541 1
0.627342 4
0.154088 4
0.139323 1
1.263452 1
1.116449 1
1.795282 1
0.934629 1
0.525135 1
0.285760 1
0.745478 1
0.180887 1
0.424470 1
0.403498 1
0.346586 1
0.214530 1
1.813789 1
0.785556 1
0.485143 1
1.049606 1
0.242232 1
0.935561 1
0.223186 1
0.299768 1
0.405137 1
0.898800 1
2.691732 1
7.456699 2
0.009536 7
0.000070 1
0.000022 8
0.000019 1
0.000017 1
0.000013 2
0.000013 1
0.000012 40
0.000014 2
0.000020 7
0.000014 1
0.000012 11
0.000012 1
0.000013 1
0.000012 2
0.000012 1
0.000013 27
0.000012 2
0.000015 7
0.000012 1
0.000013 14
0.000012 1
0.000012 1
0.000013 2
0.000012 1
0.000012 26
0.000013 2
0.000015 75
0.000015 2
0.000018 44
0.000013 2
0.000266 63
90.041246 1
0.175008 1
0.770467 1
0.299868 1
0.640907 1
0.266190 1
0.624605 1
0.236090 1
0.219638 1
0.188793 1
0.229542 1
0.247250 83
6.797813 1
0.073980 1
0.178802 1
0.615927 1
1.098423 1
0.365396 1
0.784396 1
1.186452 1
0.162017 1
0.217275 1
0.164960 1
1.012655 1
0.466176 1
0.453191 4
0.689669 1
0.067660 1
0.115654 1
1.904100 2
0.007713 42
0.000063 7
0.000037 7
0.000015 7
0.000603 478
4.632403 36
0.841190 1
0.518078 1
0.140686 1
0.503864 1
0.496324 1
0.149902 1
0.124738 1
0.195699 1
0.235171 1
0.938678 1
0.172725 1
0.292227 1
0.229181 1
0.697447 1
0.972780 5
0.895643 1
0.701744 1
0.318616 1
0.575988 1
0.160325 1
0.444666 1
0.336327 1
0.107773 1
0.331555 1
0.900409 17
0.147416 1
0.141324 1
0.277700 1
0.226607 1
0.311764 1
0.100399 1
0.272756 1
0.680667 1
0.250622 1
0.400919 1
0.092911 1
0.521391 1
0.128396 1
0.815823 1
0.303160 5
3.343750 1
0.322243 1
0.288248 1
0.311043 1
0.156891 1
0.596500 1
0.617854 1
0.196312 1
0.600509 1
0.101784 1
0.221618 1
0.129620 1
0.318235 1
0.121148 1
0.461714 1
0.249896 1
0.195911 1
0.655175 3
0.189150 3
1.172919 1
0.416045 1
0.099215 1
0.334193 1
0.200585 1
0.291979 1
0.323636 1
1.101572 1
0.346805 5
0.784471 1
0.367059 1
0.301324 1
0.233607 1
0.121908 1
0.535135 1
0.378163 1
0.218373 1
1.741503 1
0.132301 1
0.846041 1
0.474409 1
0.318310 3
0.146289 3
0.138743 1
0.145056 1
0.946697 1
0.171018 1
1.182124 1
0.724138 1
0.331177 1
0.494385 1
0.311152 1
0.316310 1
0.175892 1
0.331036 1
0.047739 1
0.788675 1
0.317941 3
0.246518 1
1.816445 5
0.922633 7
3.831239 190
1.198325 305
0.364518 109
0.000116 23
0.000638 81
110.334919 1
0.213777 1
0.481070 1
0.478597 1
0.358533 1
0.635733 1
0.746981 1
0.192244 1
0.372728 1
0.089934 1
0.931107 2
0.001572 5
0.000251 6
0.000266 27
0.000048 2
0.000735 81
10.622677 1
0.668575 1
0.202039 1
25.099713 1
0.774214 1
0.405358 1
1.262859 1
0.414867 1
0.309871 1
0.322842 1
0.216933 1
0.724040 1
0.211543 1
0.125598 1
0.301826 2
0.000812 15
0.000036 2
0.000017 24
0.000097 2
0.000031 23
0.000021 2
0.000021 24
0.000081 2
0.000294 81
176.227575 1
0.544928 1
1.138806 1
0.725608 4
0.698170 1
0.431397 1
0.379690 1
0.386119 4
0.246125 1
1.548536 1
0.099891 1
1.071554 1
0.385448 3
0.481657 7
0.407025 3
0.526626 3
0.238026 3
0.223388 3
0.462876 3
0.900442 3
1.870033 3
1.256776 3
1.248193 3
1.046269 1
0.981227 1
0.371925 1
0.517131 1
0.681968 1
1.798219 1
0.363803 1
0.185120 1
0.307599 2
0.000823 5
0.000041 18
0.000026 28
0.000023 2
0.000511 81
3.051073 23
22.917377 2
0.000868 4
0.000043 2
0.000027 4
0.000020 2
0.000022 4
0.000018 2
0.000021 4
0.000019 2
0.000478 81
10.352072 23
0.720841 1
0.215394 1
0.141205 1
0.161679 1
0.318240 1
0.149720 1
0.164299 1
0.163648 1
0.160614 1
0.813779 5
0.620007 5
0.345020 2
0.000672 1
0.000022 2
0.000017 3
0.000014 2
0.000015 3
0.000013 2
0.000014 3
0.000013 2
0.000294 81
322.151050 1
0.469572 1
0.957516 1
0.922667 1
0.226532 1
0.364541 1
1.271200 1
0.203616 1
0.108953 1
1.213579 1
0.576971 1
1.603263 1
0.898630 1
2.556875 1
1.667118 3
0.339055 3
2.035488 3
1.242197 3
1.062629 3
0.379712 3
1.006719 3
0.653710 3
0.187661 3
1.012243 3
0.556822 3
2.742109 3
0.487806 3
0.112493 3
2.613560 3
0.464366 3
2.886264 3
1.039687 1
0.349139 1
1.639226 7
1.888898 3
0.357365 3
0.811809 3
1.524111 3
0.830536 3
0.307610 1
10.602513 2
10.501226 1
0.308298 1
0.201218 1
0.231882 1
0.657739 1
0.578765 1
0.196834 1
0.232681 1
0.380205 1
0.200647 1
0.391010 1
0.265220 1
0.313607 1
0.891382 1
0.370912 1
0.183447 1
0.255383 1
0.580375 1
0.316525 1
0.701264 1
0.187779 1
0.398095 1
0.477161 2
2.086686 4
0.675234 4
1.263776 3
0.501042 3
0.030731 6
0.030104 3
0.029800 3
0.030702 6
1.254429 1
0.225267 1
0.255224 1
0.186621 1
0.656780 1
0.405085 1
0.228061 1
0.218062 1
0.691797 1
0.167033 1
0.483133 1
0.150134 1
0.447443 1
0.284440 1
0.249886 1
0.233136 1
0.254013 1
0.609330 1
0.386723 1
0.401055 1
0.176552 1
0.119012 1
0.358110 2
0.000015 24
54.850461 85
223.981299 1
0.148034 1
0.385741 1
21.949262 1
0.526495 1
0.370075 1
0.307547 1
0.609871 1
0.169579 1
0.687050 1
0.152534 1
0.257332 1
0.192549 1
0.720670 1
0.119898 1
3.408389 1
0.169388 1
1.338238 1
1.827235 1
0.222347 1
0.101866 1
0.282830 1
2.150421 1
0.129507 1
0.263368 1
0.544949 1
1.761903 1
0.064919 1
0.502280 1
0.500797 1
0.198781 1
0.502164 1
0.258181 2
0.004023 74
0.000048 2
0.000350 81
17.456490 32
0.582076 2
0.007397 74
0.000064 2
0.000542 81
1.727407 1
0.084134 1
0.214675 65
1.081521 2
1.371699 34
0.518157 2
0.003952 74
0.000046 2
0.000254 63
69.417028 65
1.773626 32
3.955134 2
0.005274 74
0.000046 2
0.000289 63
30.488156 32
0.482918 1
0.500639 1
0.030344 1
0.029949 1
0.029152 1
0.030452 1
0.031059 1
0.031816 1
0.032209 1
0.030492 1
0.031066 1
0.031074 1
0.494874 3
0.287105 3
0.244460 25
0.407157 21
0.764454 2
0.048517 41
12.962363 2
0.573931 729
0.135015 8
0.005235 52
44.756144 1
0.173771 1
0.373629 1
0.272937 1
0.260529 1
1.159369 1
0.335299 1
1.449518 1
0.104710 1
0.198233 1
0.264113 1
1.173171 1
0.477907 1
0.116457 1
0.697439 1
0.106074 1
0.295710 1
0.133896 1
0.399378 1
0.136401 1
0.175408 1
0.273032 1
0.209976 1
0.183043 1
0.367091 1
3.922050 1
1.249836 1
0.347012 1
1.577323 1
0.594887 1
0.229899 1
0.277726 1
1.563328 1
0.320720 1
0.570775 1
0.084489 1
0.680099 1
0.848307 1
1.218866 1
0.230600 1
0.305107 1
0.799445 1
1.662816 1
0.161603 1
0.099315 1
2.362679 1
0.163534 1
0.424903 1
0.080014 1
0.274856 1
0.154432 1
0.120692 1
0.305350 1
0.230787 1
0.331771 1
0.361031 1
1.144786 1
0.711819 3
6.065497 1
0.457386 1
1.083746 1
0.259183 1
0.133020 1
23.443040 121
0.001181 2
0.112066 60
334.101784 1
0.171268 1
0.721877 1
0.359202 1
0.216798 1
0.624008 1
0.097862 1
0.196925 1
0.110030 1
0.116226 1
0.301712 1
0.202631 1
0.132961 1
0.167417 1
0.217480 95
1.894936 1
0.070776 1
1.204157 1
0.668359 4
0.313178 1
0.402026 1
0.303847 1
0.404162 1
0.719736 1
0.301203 1
1.248101 1
0.667868 1
0.887188 1
0.554962 1
0.386087 1
0.202696 1
0.123843 1
0.322033 121
3.254795 1
0.270456 1
0.490449 1
0.207343 1
0.438268 1
1.441519 1
0.624505 1
0.291521 1
0.382819 1
0.183015 1
0.222054 1
0.504259 4
0.803574 1
0.173517 1
0.178969 1
0.312762 1
17.877383 11
0.006138 110
5.566669 1
0.388533 1
0.683655 1
0.732956 1
0.505383 1
0.244551 1
0.219308 1
0.294704 1
0.186760 1
0.188752 1
0.254903 1
0.182986 139
11.136425 1
0.164422 1
0.150870 1
0.577164 1
21.224923 1
0.428289 1
0.198907 1
0.160389 1
0.365007 1
0.768043 1
11.398356 1
0.486642 1
0.295350 1
0.296225 1
0.281201 1
0.257595 1
0.164138 1
1.058205 1
8.820011 11
0.002699 75
0.001079 67
0.001800 536
0.000455 17
5.162728 52
1.231276 19
1.198952 19
0.634213 21
0.176877 21
0.120216 22
0.232173 22
0.499016 18
0.032785 18
0.028556 18
0.030591 18
0.031169 18
0.030932 18
0.030339 18
0.031564 18
0.031633 18
0.029754 18
0.031747 18
0.029767 18
0.030311 30
0.030408 18
0.031023 18
0.030508 18
0.030471 18
0.029707 18
0.031550 18
0.032032 18
0.031652 18
0.850550 21
0.183196 18
0.130315 18
0.492206 18
0.501035 18
0.031294 18
0.030989 18
0.029513 18
0.030216 18
0.031026 18
0.029443 18
0.031122 18
0.031395 18
0.752039 19
0.819026 19
0.100147 19
0.287515 19
0.404117 21
0.173920 21
0.144946 21
0.167551 22
0.136424 18
0.142119 18
1.603146 22
0.296394 18
5.036265 21
0.184980 18
0.217787 18
64.305280 19
0.136739 19
0.157142 19
0.074009 19
0.946907 21
0.249931 21
0.204129 21
0.172182 22
5.619816 19
0.040350 19
0.150842 19
6.907933 6
0.002311 14
0.505927 20
0.162963 20
0.148249 20
0.464686 21
0.501156 21
0.029781 21
0.030104 21
0.030632 21
0.031506 21
0.030404 22
0.031012 18
0.031256 18
0.030883 18
0.031076 18
0.030998 18
0.030872 18
0.031944 18
3.136730 20
0.042215 20
0.210472 20
4.176936 21
0.150670 21
0.144792 22
0.138941 18
4.012428 20
0.938106 22
1.015825 20
1.158910 20
0.156519 20
0.242206 20
0.177928 20
0.168258 20
0.399940 20
0.276282 19
0.418723 20
0.320708 20
0.244740 20
0.201466 20
1.065256 19
0.433982 20
0.131634 20
0.627605 19
0.243937 19
0.336510 19
0.597160 19
0.232703 23
1.277739 20
0.583610 20
0.148804 20
0.060451 20
0.700904 20
0.373935 19
0.516464 20
0.377957 20
0.267169 20
0.198351 20
0.169294 20
0.120176 20
0.418829 20
1.397764 19
0.606407 20
0.283428 20
0.990584 19
0.339206 19
0.281825 19
0.274242 19
0.939081 23
0.738185 20
0.466474 20
0.245762 20
0.495129 20
0.239899 20
0.201621 20
0.228303 20
0.177152 20
0.143823 19
0.658562 20
0.377886 20
0.123226 20
0.202942 20
0.602359 20
0.653528 21
0.301887 20
0.300496 20
1.064913 19
0.419265 20
0.231836 20
0.378422 19
0.236946 19
0.296776 19
0.143891 19
0.172206 23
4.951108 20
0.217702 20
0.194211 20
0.567916 20
0.212449 20
0.239625 20
0.655359 19
0.386075 20
0.222869 20
0.202993 20
0.175570 20
0.281772 20
0.273753 20
0.207316 20
0.125662 20
1.314265 19
0.374395 20
0.420602 20
0.389196 19
0.302498 19
0.298954 19
0.611777 21
0.156490 19
0.428990 19
0.243130 23
3.660324 20
0.324502 20
0.679089 20
0.098198 20
0.234221 20
0.506477 19
0.325806 20
0.397934 20
0.153285 20
0.224745 20
0.213873 20
1.154348 19
0.460945 20
0.163823 20
0.375869 19
0.261428 19
0.110266 19
0.252652 19
1.005996 23
1.320775 20
0.353107 20
0.159570 20
0.264178 20
0.472584 20
0.694292 19
0.299770 20
0.269791 20
1.033431 20
0.117919 20
0.328521 20
0.146740 20
0.470057 21
0.219685 20
0.129415 20
0.543231 21
0.059655 20
0.845966 19
0.848724 20
0.216335 20
0.627828 19
0.243938 19
0.143758 19
0.190333 19
0.637298 23
1.012636 20
0.257275 20
0.204375 20
0.132554 20
0.233101 19
0.341553 20
0.379830 20
0.139022 20
0.449603 20
0.218114 19
0.368470 20
0.183534 20
0.964113 19
0.552585 19
0.104491 19
0.126583 19
48.405801 243
1.339102 67
0.000379 8
0.000179 120
253.110496 2
0.852211 4
3.615278 2
0.431144 2
0.407840 4
0.150887 4
0.160033 1
0.145588 1
1.785166 2
0.446776 2
0.013840 2
1.491868 4
0.159114 4
0.154367 4
0.139411 1
0.623567 1
2.408592 2
0.339652 2
0.313810 2
0.089699 2
0.087908 2
0.923568 2
0.071375 2
0.442646 2
0.409482 4
0.177808 4
0.158287 4
0.500697 4
0.031328 4
0.030780 4
0.030161 4
0.031294 4
0.031103 1
0.030932 1
0.030421 1
0.031027 1
0.032434 1
0.031312 1
0.031181 1
0.032498 1
0.028609 1
0.031065 1
0.030850 1
0.029707 1
0.030123 1
0.032166 1
0.030972 1
0.031873 1
0.030824 1
0.030081 1
0.031602 1
0.030779 1
0.030860 1
0.032496 1
0.631445 2
0.317601 2
0.038099 2
0.130309 2
0.452240 4
0.175756 4
0.165914 4
0.339022 4
0.138039 1
0.171628 1
0.162735 1
0.185834 1
1.621652 2
0.228462 2
0.176000 2
0.453096 2
0.134714 2
0.073781 2
0.275497 2
0.842873 4
0.498801 4
0.029296 4
0.031781 4
0.030996 4
0.030813 4
0.030892 4
0.031443 1
0.032359 1
0.031337 1
0.029736 1
0.030514 1
0.031314 1
0.030758 1
0.031258 1
0.030151 1
0.030103 1
0.033033 1
0.030505 1
0.030813 1
0.030287 1
0.030594 1
0.031052 1
0.029749 1
0.031946 1
0.030153 1
0.031410 1
0.030528 1
1.504250 2
0.155929 2
0.056547 2
0.235564 2
0.058757 2
0.045004 2
0.404601 4
0.499891 4
0.031009 4
0.030392 4
0.029454 4
0.030288 4
0.031113 1
0.030884 1
0.030067 1
0.030654 1
0.031763 1
0.031251 1
0.031752 1
0.029341 1
0.031236 1
0.029408 1
0.031449 1
0.030062 1
0.030974 1
0.030906 1
0.029952 1
0.519229 2
0.072139 2
0.015253 2
0.031816 2
0.180494 2
0.357126 4
0.499757 4
0.030545 4
0.030604 4
0.031234 4
0.031159 1
0.031371 1
0.032420 1
0.030676 1
0.030087 1
0.031665 1
0.031335 1
0.031050 1
0.030835 1
0.031993 1
0.832606 2
0.168126 2
0.224059 2
0.041761 2
0.099012 2
0.092036 2
0.640445 4
0.501201 4
0.028978 4
0.030468 4
0.031860 4
0.028774 4
0.031051 1
0.031181 1
0.030128 1
0.031954 1
0.029647 1
0.031278 1
0.030928 1
0.031414 1
0.031408 1
0.030365 1
0.030286 1
0.030893 1
0.030571 1
0.030740 1
0.030245 1
0.032191 1
0.031707 1
0.030350 1
0.030167 1
0.032011 1
0.030348 1
0.030746 1
0.032840 1
0.027665 1
1.019838 2
0.212414 2
0.200828 2
0.776273 2
0.191657 2
0.365012 2
0.202877 2
0.606879 2
0.210183 143
0.145367 143
1.120381 4
0.498174 4
0.030289 4
0.031553 4
0.032213 4
0.030035 4
0.030568 4
0.030954 4
0.031450 1
0.030659 1
0.030430 1
0.030930 1
0.030508 1
0.031567 1
0.030350 1
0.030363 1
0.030132 1
0.030326 1
0.029477 1
0.030545 1
0.031040 1
0.029957 1
0.032046 1
0.031115 1
0.031036 1
0.032739 1
0.031016 1
0.030749 1
0.030935 1
0.030691 1
0.029314 1
0.033890 1
0.027632 1
4.273089 1
0.205842 1
5.620552 2
0.175318 2
0.198800 2
0.358975 4
0.186326 4
0.275285 4
0.159390 1
2.006272 2
0.924330 2
0.542404 4
0.176787 4
0.170290 1
10.448318 2
0.020134 2
0.260614 2
0.388675 2
3.827932 2
0.366316 2
0.400625 2
5.332513 4
0.155004 4
0.142705 4
0.142855 4
0.155049 4
0.337882 4
0.182130 4
0.749896 2
0.048661 2
0.055534 2
0.041424 2
0.174191 2
0.651202 4
0.500685 4
0.030626 4
0.030396 4
0.030389 4
0.031308 1
0.030700 1
0.030147 1
0.030825 1
0.031516 1
0.030107 1
0.030417 1
2.889080 2
0.092206 2
0.195510 2
0.313148 2
0.049609 2
7.338093 4
0.497140 4
0.029970 4
0.029924 4
0.030699 4
0.033130 1
0.030872 1
0.030099 1
0.030423 1
0.031011 1
0.031219 1
0.030760 1
0.030164 1
0.030466 1
0.031477 1
0.030988 1
0.031006 1
0.030816 1
0.030811 1
0.030872 1
5.961583 2
0.157060 2
0.128800 2
0.109745 2
0.112610 2
0.150159 2
0.134167 2
0.167176 2
0.126974 2
0.140612 2
0.661162 4
0.505084 4
0.025846 4
0.031880 4
0.031240 4
0.029093 4
0.032163 4
0.032662 4
0.030046 4
0.032735 4
0.029819 1
0.031360 1
0.031198 1
0.031404 1
2.166227 2
0.107416 2
1.077391 4
0.239658 4
2.907389 1
0.011258 1
0.033099 1
0.218801 1
0.048188 1
0.407024 4
0.179475 4
0.163965 4
0.157186 4
0.296311 4
1.192724 1
0.196218 1
0.272236 1
0.063881 1
0.221789 4
0.188415 4
0.151944 4
0.142744 4
0.160816 1
0.178377 1
0.570153 2
0.081910 2
0.183339 2
0.043972 2
0.187477 4
0.198683 4
0.156899 4
0.160733 4
0.181952 1
1.702322 1
0.205970 1
0.090833 1
0.346491 4
0.184805 4
0.164075 4
0.155781 1
1.381700 1
0.182420 1
0.016048 1
0.933304 4
0.144833 4
0.154994 4
0.138804 1
0.109056 1
0.463930 2
0.237054 2
0.091162 2
0.258630 2
0.513995 4
0.136074 4
0.142336 4
0.121650 4
0.125485 1
0.441676 1
0.203009 1
0.083513 1
0.773196 4
0.142262 4
0.150803 4
0.149860 1
0.121836 1
0.150690 1
809.436721 1
1.781655 1
0.231267 1
0.606445 1
0.314501 1
0.678290 4
0.311325 1
2.308954 1
0.091913 1
1.554447 1
1.356252 1
0.259074 1
0.264664 1
0.346716 1
0.480442 1
1.056178 1
0.602865 1
0.939266 1
0.425434 1
0.894648 1
0.282939 1
0.193059 1
0.474857 1
0.597640 1
0.492514 1
0.269167 1
0.500486 1
0.029863 1
0.030954 1
0.031937 1
0.030580 1
0.030561 1
0.031106 1
0.031100 1
0.031630 1
0.031523 1
0.239590 1
0.240212 1
0.199041 1
0.216518 1
0.885543 5
0.400140 166
0.126150 168
0.246567 171
0.178094 174
1.572970 177
1.603221 180
0.430542 183
2.096403 186
1.084543 189
0.439781 192
0.961621 193
0.235872 190
1.410717 189
1.027919 192
0.314211 195
2.940271 198
1.922177 201
5.750682 14
0.001068 30
0.000158 28
0.000155 2
0.000707 128
5.938970 36
2.533430 1
0.497520 1
0.029767 1
0.032166 1
0.030750 1
0.031301 1
0.030465 1
0.030616 1
0.031177 1
0.033098 1
0.032048 1
0.031692 1
0.032443 246
0.031882 1
0.031106 1
0.032075 1
0.030824 1
0.029942 1
0.031047 1
0.029996 1
0.031583 1
0.029801 1
0.032030 1
0.030848 1
0.030714 1
30.708534 3
0.500414 3
0.031362 3
0.031439 3
0.030989 3
0.030688 3
0.031863 3
0.030939 3
0.031807 3
0.030580 3
0.031177 3
0.030948 3
0.031241 3
0.030358 3
0.032852 3
0.031244 3
0.030063 3
0.031366 3
0.030931 3
0.030781 3
0.031031 3
0.030950 3
0.031304 3
0.031860 3
0.031399 3
0.030588 1
0.031664 1
0.029871 1
0.029757 1
0.030954 1
0.032463 1
0.032341 1
37.613551 4
0.500447 4
0.029399 4
0.031576 4
0.031004 4
0.031142 4
0.033359 4
0.030774 4
0.031967 4
0.030559 4
0.031660 4
0.030360 4
0.030750 501
0.030596 4
0.031164 4
0.031209 4
0.030797 4
0.030957 4
0.030588 4
0.030025 4
0.031150 4
0.030321 4
0.031196 4
0.031363 4
0.030408 4
0.032431 4
0.031470 4
0.031106 4
0.031523 4
0.030691 4
0.031936 4
0.031274 4
0.030196 4
0.030933 4
0.030906 4
0.032426 4
0.030977 1
0.031970 1
0.031132 1
0.030045 1
0.031718 1
0.031000 1
0.030585 1
0.030468 1
0.463344 18
0.380258 33
0.462106 29
1.145827 11
0.001884 75
0.001575 67
0.000752 107
0.000185 6
0.000164 215
0.000231 208
0.000337 17
15.931114 53
0.660359 22
0.594355 20
0.409936 20
0.361950 20
0.269801 20
0.608447 20
0.068867 20
0.195030 20
0.322910 19
0.294674 35
0.622556 20
0.192108 20
0.125266 20
0.180275 19
0.268507 20
0.128197 20
0.782406 19
0.346012 19
0.116982 19
0.408604 19
1.138453 23
0.722080 20
0.401808 20
0.160571 20
0.056172 20
0.428113 20
0.823684 19
0.485862 20
0.407574 20
0.273589 20
0.370056 20
0.297103 20
0.286048 20
0.195383 20
0.959072 19
0.574740 20
0.244274 20
1.130040 19
0.294913 19
0.147856 19
0.155799 19
0.878116 23
0.827521 20
0.540443 20
0.178369 20
1.582946 20
0.319229 20
0.237839 20
0.283716 20
0.257191 20
0.151907 19
0.501402 20
0.403318 20
0.146597 20
0.345171 20
2.036913 20
0.215636 20
0.700274 19
0.405561 20
0.115832 20
0.893566 19
0.326203 19
0.178223 19
0.246968 19
1.648195 23
1.045161 20
0.224466 20
0.264782 20
0.532844 20
0.191348 20
0.236814 20
0.751756 19
0.528991 20
0.310061 20
0.103131 20
0.135403 20
0.384932 20
0.194563 20
0.123207 20
0.243279 20
0.935739 19
0.263622 20
0.186684 20
0.208277 19
0.179191 19
0.302210 19
0.151750 19
0.898906 23
1.094217 20
0.524098 20
0.139478 20
0.124313 20
0.535976 20
27.951059 19
1.673539 20
0.124663 20
0.815458 21
0.159740 20
0.219753 20
0.221310 20
0.215282 20
0.385942 19
1.690246 20
0.167247 20
1.084745 19
0.499576 19
0.133240 19
0.121674 19
1.344821 23
0.875739 20
0.429414 20
0.108722 20
0.234685 20
0.115411 20
0.829500 19
0.333579 20
0.320621 20
0.123877 20
0.153810 20
0.164553 20
0.213496 20
1.419527 20
0.112096 19
0.366923 20
0.187652 20
0.882054 19
0.894088 19
0.146034 19
0.608503 19
0.202247 23
2.578733 20
1.055468 20
0.205173 20
0.263881 20
0.616316 19
0.472029 20
0.305295 20
0.438880 20
0.215798 20
0.870355 19
0.808682 20
0.204568 20
0.535138 19
0.235418 19
0.152472 19
0.689857 19
1.015594 23
1.344432 25
5.816530 48
0.003748 103
3.501440 72
0.000636 128
4.525328 18
0.515953 21
0.399086 18
0.377586 33
0.365646 47
0.846459 29
0.800165 27
0.495830 21
0.706199 67
1.568023 326
0.271879 18
0.192843 23
0.310835 33
0.326593 47
0.353006 29
0.454332 21
0.393869 18
0.994963 21
0.358993 1
0.323542 1
0.365058 18
0.242842 21
0.171675 18
0.152369 33
0.151873 47
0.158072 29
0.139904 27
0.158208 21
0.171627 67
0.175183 154
0.348237 377
0.248881 13
0.202756 322
0.200920 13
0.190304 27
0.263993 22
0.239950 20
0.290913 7
0.246423 6
0.426314 21
0.481999 27
0.255165 20
0.181944 25
0.169312 166
0.170864 326
0.172500 30
0.175145 217
0.186176 181
0.383649 34
0.368510 387
0.396745 32
0.386270 67
0.235344 67
0.230788 27
0.240430 56
0.273982 45
0.268854 371
0.343448 60
0.315266 58
0.294982 24
0.274534 22
0.267995 73
0.359942 326
0.311483 77
0.471825 75
0.330086 199
0.383822 12
0.410264 32
0.504274 69
0.408675 326
0.216696 57
0.162810 326
0.219336 58
0.108914 263
0.186214 16
0.917404 375
1.399342 4
0.500812 4
0.030604 4
0.030861 4
0.030683 4
0.032043 4
0.030469 4
0.031318 4
0.030179 4
0.033289 4
0.031150 4
0.031947 4
0.030762 4
0.031965 4
0.031582 4
0.032023 4
0.029261 1
0.033229 1
0.029564 1
0.030750 1
0.030358 1
0.030767 1
0.029244 1
0.031673 1
0.031124 1
0.030746 1
0.030448 1
0.433835 2
0.291159 2
0.271507 2
0.982117 4
0.312492 4
0.191762 4
0.217038 1
0.206855 1
4.480780 1
0.298007 1
0.237262 1
19.456617 1
0.802776 4
0.507882 1
0.761861 1
1.418904 1
0.793181 1
1.028989 1
0.474252 3
0.378773 3
0.128230 3
0.243301 3
0.261995 3
1.373747 3
2.638339 3
0.810628 3
1.096564 3
2.724623 3
0.515195 3
1.448086 3
3.884549 3
1.784696 7
0.724889 3
0.514289 3
1.645996 3
1.587377 1
1.508674 1
0.673868 3
0.321259 1
0.307040 1
0.275751 1
0.560546 1
0.517438 1
0.605531 1
0.149523 1
0.674898 1
0.657869 1
0.142712 1
0.266284 1
1.109749 1
0.583326 11
0.000344 25
0.000170 29
0.000171 2
0.000422 33
0.000197 31
0.000421 2
0.000523 52
0.000021 2
0.000444 21
0.001175 128
52.337423 124
166.902850 1
0.823746 1
0.319740 1
1.772237 1
0.710059 1
0.323420 1
1.100234 1
0.269877 1
2.275801 1
0.868136 1
0.716233 1
1.280036 1
0.943737 3
0.532363 3
0.223218 3
0.411347 3
0.484139 3
1.780897 3
1.388572 3
0.970214 3
4.619382 3
1.012690 1
2.080320 1
0.175586 1
0.273200 1
0.369808 1
0.440709 1
1.016778 1
0.764533 1
1.059315 1
0.433613 1
0.575317 1
0.381908 1
0.560584 3
0.443327 1
1.142237 1
1.623036 11
0.003312 28
0.001816 8
0.000219 120
77.124826 1
0.389416 1
0.450583 1
1.173156 1
0.697388 1
3.345876 1
1.587061 1
0.314727 1
1.898459 1
0.152242 1
0.785804 1
1.559646 1
0.542503 1
1.291870 1
0.500916 1
0.471187 1
0.347008 1
0.577994 1
1.056728 1
0.708963 1
0.692662 1
0.381833 1
0.794802 1
0.383246 1
0.187564 1
0.443092 1
0.306772 1
14.288804 83
0.000451 128
165.743857 27
1.354289 1
0.295540 1
0.502704 1
0.265997 1
0.238046 1
0.499613 1
0.030124 1
0.030524 1
0.031160 1
0.223652 1
0.318323 1
0.568104 1
0.592027 1
0.184789 1
0.175474 1
0.130466 1
0.140614 1
0.267308 1
0.361525 1
0.534436 5
0.378792 5
1.086189 3
0.228388 3
0.642406 3
0.360961 5
1.788789 5
0.848289 5
0.872307 1
2.525890 6
2.301462 6
0.388825 5
0.484595 6
3.774276 3
2.119610 3
1.406609 5
0.145213 192
2.090622 194
0.106414 197
1.814556 1
2.722605 198
1.662963 201
0.397810 204
0.395437 207
0.192857 210
2.434543 2
0.000806 1
0.001134 2
0.000767 9
0.006440 36
0.001395 128
15.086499 124
2.444309 124
36.098889 41
1.481448 1
0.499547 1
0.030022 285
0.030392 1
0.030862 1
0.029292 1
0.032332 1
0.031758 1
0.031313 1
0.031874 1
0.031413 1
0.032013 1
0.031736 1
0.031600 1
0.032100 1
0.030216 1
0.031552 1
0.030735 1
0.032095 1
0.031233 1
0.031162 1
0.030737 1
0.031226 1
1.767685 1
0.252995 1
0.201494 1
0.169749 1
0.191683 1
0.149230 1
0.116678 1
0.151644 1
0.354829 1
0.270688 1
0.769049 181
0.345484 184
0.272971 187
0.527475 190
0.318929 193
0.176672 196
2.172369 199
0.828418 3
0.328675 3
0.641135 204
0.202094 203
0.503513 206
1.541587 3
0.415912 3
0.187435 3
0.188500 3
0.305671 3
0.403863 3
0.402120 217
0.171085 214
0.151713 211
0.144630 208
0.144507 205
0.160848 202
0.160316 197
0.939808 200
0.680100 201
1.068756 204
2.639932 3
2.220576 209
0.893713 212
0.117612 215
0.874239 1
0.432582 216
0.396229 219
0.328294 222
0.232078 225
0.322827 228
0.900143 3
3.788500 3
0.197917 3
0.120327 3
0.262411 3
0.156434 3
0.291837 3
0.129067 3
0.167407 3
0.363342 3
0.392323 249
0.167090 246
0.175444 243
0.170561 240
0.171876 237
0.152787 234
0.179890 231
0.339001 228
0.387094 225
5.416695 14
0.003467 32
0.000615 36
0.000740 112
0.000187 66
0.002430 8
0.000292 120
139.848987 1
0.892003 1
0.376267 1
0.228277 1
0.581268 1
0.117602 1
1.236623 1
0.214992 1
0.822536 5
0.447947 9
0.631384 5
0.471993 3
0.695271 3
0.396857 3
0.144609 3
0.208244 3
0.180722 3
1.762410 3
0.464403 3
0.278744 3
1.320694 3
1.414921 3
1.303977 3
0.377886 3
2.149059 3
1.010863 1
1.289828 1
0.364052 1
0.200533 1
0.302571 1
0.391636 1
1.436356 1
0.436084 1
0.417827 1
0.319025 1
0.657343 1
0.071284 1
0.209055 1
0.309622 1
0.429353 1
1.114719 11
0.000992 36
0.000451 38
0.000482 40
0.000026 42
0.000576 2
0.000183 32
0.000538 2
0.000730 36
0.000814 30
0.001022 10
0.000464 120
12.687954 1
0.262314 1
0.320300 1
1.708489 1
0.268589 1
1.190128 4
0.357668 1
1.390204 1
0.186698 1
0.798825 1
0.723365 3
0.456984 3
0.131437 3
0.231360 3
0.192127 3
1.225290 3
0.838001 3
0.092544 3
0.739931 3
0.814950 3
0.123748 3
0.231595 3
0.047823 3
0.871929 3
0.406496 3
0.075094 3
0.878800 1
1.008266 5
1.700303 5
0.604751 3
1.193855 3
1.198957 1
0.646532 4
0.274175 1
2.808758 1
0.908898 1
0.293756 1
0.389027 1
0.496322 1
0.275975 1
0.508599 1
0.342435 1
0.723580 1
0.127205 1
0.186573 3
0.141054 1
0.288154 1
0.214515 11
5.610650 4
0.644812 4
0.830809 3
0.498822 3
0.030962 6
0.031143 3
0.029782 3
0.030132 6
20.554894 2
0.576293 4
2.065284 128
1.611862 1
0.499869 1
0.031130 1
0.031809 1
0.031522 1
0.031580 1
0.030342 1
0.031450 1
0.031768 1
0.031163 1
0.031831 1
0.031716 1
0.031398 1
0.031057 1
0.032071 1
0.030493 1
0.031548 1
0.031603 1
0.029965 1
0.032057 1
1.049560 39
3.601156 1
0.500204 1
0.032202 285
0.030010 1
0.030930 1
0.030364 1
0.030749 1
0.032355 1
0.030222 1
0.032118 1
0.030395 1
0.030481 1
0.031353 1
0.030538 1
0.031365 1
0.564170 3
0.686940 3
0.581793 219
0.493492 38
0.000399 2
0.000033 12
0.000211 18
0.000596 12
0.001373 36
0.000398 120
74.274366 1
0.206612 1
0.380969 1
1.457554 1
0.204245 1
1.024402 1
0.074385 1
0.640029 1
0.669819 3
0.154130 3
0.371400 3
2.529182 3
0.492465 3
0.210674 3
0.858644 7
0.215185 3
1.729537 3
1.037471 3
0.338708 3
1.341049 3
0.845095 1
0.518594 1
0.205150 1
0.372468 1
0.639809 1
0.471147 1
0.088746 1
0.872334 1
0.364728 3
0.562393 3
0.124034 3
0.208745 3
0.137852 3
1.559185 3
0.075410 3
0.967345 3
1.036698 3
1.087003 7
0.210963 3
0.107283 3
0.652513 3
0.307981 3
2.713023 1
0.372724 5
1.208172 3
1.865797 235
1.469621 3
0.234903 3
0.366275 3
1.498997 3
2.160576 1
0.725110 3
2.039916 3
0.890625 1
0.787589 4
0.289231 1
1.271892 1
0.427049 1
0.253546 1
0.404991 1
0.776484 4
0.163976 1
0.435282 1
0.360389 1
0.327961 1
0.520041 1
0.227209 1
0.511745 1
0.159294 1
0.153559 1
0.136269 1
0.228082 1
1.332429 78
0.000356 8
0.000334 120
3.913709 56
7.492969 1
0.496264 1
0.030684 1
0.031061 1
0.031680 1
0.030358 1
0.031211 1
0.031514 1
0.031672 1
0.031355 1
0.031620 1
0.030590 1
0.031397 1
0.032781 1
0.030872 1
0.032827 1
0.031974 1
0.029908 1
0.031245 1
0.030035 285
0.030093 1
0.030305 1
0.031486 1
0.031857 1
0.034238 1
0.030764 1
0.030971 1
0.029889 1
0.030962 1
0.031650 1
0.029818 1
0.381670 3
0.226567 3
0.129340 3
0.146982 3
0.438316 223
0.790861 23
0.000288 8
0.000306 120
10.959351 1
0.367999 1
0.549562 1
1.694226 1
0.171715 1
2.514231 1
0.225177 1
0.685785 1
1.031170 3
5.492494 3
19.273146 3
1.001037 7
0.832652 3
0.588646 7
0.380405 3
0.711615 7
8.751015 3
0.775849 7
0.212272 3
0.780508 7
3.568325 3
0.682830 3
0.471953 7
0.199116 7
1.097569 3
0.591348 3
0.539181 7
0.196803 7
0.402791 3
0.647421 7
3.411835 3
1.060615 7
0.581466 3
0.179915 3
0.140440 3
0.601399 3
0.150567 3
0.149167 3
0.144185 3
0.538156 7
0.137247 7
0.138954 7
0.134936 7
0.137196 7
0.143613 7
0.137943 7
1.005756 3
1.313889 7
1.500384 3
0.853784 7
4.875598 3
21.086636 3
1.967554 4
0.660363 4
0.345245 4
0.180512 4
0.664089 4
0.219212 4
0.236904 4
0.187822 4
1.619451 7
0.187432 4
3.762842 3
0.917653 7
0.666801 3
0.821411 7
1.382736 3
0.660712 7
0.912836 3
0.589397 7
1.047916 3
2.268843 5
0.591772 3
5.939637 3
0.641495 4
1.409099 1
0.246490 1
0.227937 1
0.365307 1
0.188068 1
0.384555 1
1.318047 1
0.700725 1
0.186300 1
0.388019 1
0.127405 1
0.164317 1
0.144500 1
0.240215 1
1.412167 11
0.005737 40
0.001610 128
29.689078 1
0.223732 1
0.309074 1
0.993696 1
0.309973 1
0.539683 4
0.306708 1
0.410041 1
0.826774 1
1.281066 1
1.364713 3
0.370264 3
1.645665 3
2.313134 3
1.225561 7
0.139063 7
0.313307 3
2.316311 7
0.370171 3
0.468082 3
1.322749 3
0.493543 3
2.049029 3
0.093178 3
0.849625 1
2.135364 6
1.197668 6
1.453874 3
0.825052 4
0.167003 4
0.216628 4
0.365135 4
1.728247 3
0.750392 7
0.853047 3
2.470447 3
0.734000 1
1.312879 1
0.412223 1
0.240436 1
0.235510 1
0.216153 1
1.484708 1
0.444915 1
0.599851 1
0.241746 1
0.469245 1
0.215176 1
0.138672 1
0.403986 1
0.290195 3
2.674522 14
0.002726 30
0.000334 10
0.000377 120
1.537186 45
0.977605 44
0.000394 2
0.000612 128
80.775286 124
93.439173 1
0.320041 1
0.118058 1
0.118418 1
0.187627 1
1.040205 1
0.589399 1
0.129439 1
0.207446 1
0.222888 1
0.708146 1
0.250482 1
0.245898 1
0.190049 1
1.326373 1
2.025989 1
0.687364 1
47.268924 11
0.001187 8
0.000342 54
0.000323 13
0.001023 67
0.001310 120
0.000680 114
0.001019 330
0.000658 5
0.000069 12
1.718619 34
0.000233 12
0.000359 5
0.000131 1
0.080429 18
0.000173 1
0.156707 6
0.000772 13
0.927104 19
0.475388 19
1.034453 19
0.122303 19
0.152065 19
0.146400 19
1.588235 19
0.275671 19
3.151167 19
0.195444 19
0.430229 19
0.234957 19
0.253507 19
0.183149 19
1.435494 23
0.788880 19
0.246053 33
0.131970 19
0.156944 19
0.213403 19
1.306943 19
0.390712 19
0.124074 19
0.979316 19
0.615686 19
0.394558 19
0.206901 23
2.049393 19
0.109493 19
0.086889 19
0.068157 19
0.142403 19
0.046568 19
2.062334 19
0.456788 19
0.289843 19
0.306435 19
0.119960 19
0.166950 19
0.147784 19
1.437322 19
1.298265 19
0.464383 23
0.999342 19
0.795392 19
0.255495 19
1.990202 19
0.352998 19
0.320296 19
0.232280 19
0.655934 19
0.127397 19
0.673920 19
0.230752 19
0.577727 19
0.104909 19
1.105744 19
0.156245 19
0.354912 19
5.647505 23
0.747333 19
0.318176 19
0.122751 19
0.203074 19
0.165068 19
0.888284 19
1.876044 19
0.388299 19
0.415513 19
0.225684 19
0.191077 19
0.455092 19
0.370299 19
0.209500 19
0.116686 19
0.247670 23
1.690988 19
0.225451 19
0.128471 19
0.163674 19
0.164998 19
0.539948 19
0.821798 19
0.255576 19
0.007184 19
0.709618 21
0.138594 21
0.097456 19
0.082970 19
0.274148 19
0.840457 19
1.211326 19
0.350136 19
0.824052 23
0.766616 19
0.168653 19
0.436558 19
0.426614 19
1.090348 19
1.541127 19
0.869513 19
0.454140 19
0.285939 19
0.136213 19
0.170731 19
0.274884 19
2.008933 19
3.249458 23
0.621155 19
0.206862 19
0.218923 19
0.108315 19
0.313543 19
1.576287 19
0.351687 19
0.193521 19
0.428782 19
0.203639 19
0.992276 19
0.374470 19
1.261705 24
0.972360 19
0.228025 19
0.384077 19
0.349852 19
0.338928 19
0.113398 19
1.742602 19
5.586433 19
0.312923 19
0.131243 19
0.154184 19
0.154643 19
4.042343 19
0.492549 19
2.599935 24
2.549637 19
0.283410 19
0.271386 19
0.359210 19
2.849007 19
0.168078 19
0.161637 19
0.182801 19
0.144896 19
2.697784 19
1.092648 19
0.185716 19
0.325437 19
0.110484 19
0.187350 19
0.172079 19
1.656801 19
0.433117 19
1.079927 24
0.639810 26
2.366643 48
0.005195 105
1.624813 72
0.000488 128
5.472235 1
0.235708 1
0.623116 1
0.503547 1
0.189700 1
2.175310 1
2.913193 1
0.616827 1
0.545645 1
2.756445 1
0.522574 1
2.732972 1
1.222536 1
2.867026 1
0.711432 1
1.793048 1
0.565225 1
1.508427 1
0.524442 1
0.345345 3
0.605625 3
0.158701 3
0.347174 3
0.159211 3
1.370340 3
1.567343 3
1.529217 3
0.355524 3
1.046661 3
1.537575 3
1.016402 5
0.736412 4
2.042720 3
0.377649 1
0.610563 1
0.143633 1
0.179184 1
0.204134 1
1.875266 1
0.358591 1
0.486885 3
3.063568 1
0.653548 1
3.119071 1
0.872559 1
0.725522 1
0.578520 1
0.396925 1
0.151265 1
0.451612 1
0.410181 1
0.160716 1
0.437367 1
0.672618 1
1.146176 1
0.297056 1
0.343040 1
0.222664 1
2.721913 21
143.273825 1
0.256194 11
0.004051 10
5.576455 1
5.344034 158
3.897722 58
0.607098 54
0.204706 1
0.501264 1
0.029900 1
0.030357 1
0.033180 1
0.028470 1
0.030474 1
0.031629 1
0.031434 1
0.032231 1
0.031669 1
0.030903 1
0.032398 1
0.031643 1
0.031453 1
0.031040 1
0.030428 1
0.031452 285
0.031486 1
0.029229 1
0.030643 1
0.032179 1
0.032625 1
0.029066 1
0.032742 1
0.030921 1
0.031846 1
0.209134 1
0.443319 222
1.478317 24
3.119605 11
0.003559 87
0.000387 95
0.000947 128
5.869996 61
143.917084 1
0.239937 1
0.782465 1
0.235928 1
1.913370 4
0.187368 4
0.500479 4
0.148437 4
0.165203 6
0.575148 21
0.000795 11
0.000677 2
0.000635 128
1.003190 1
0.256153 1
0.194301 1
0.132162 1
1.420637 1
0.160972 1
0.192741 1
0.191556 1
0.360248 1
0.208922 1
0.343762 1
0.245248 1
0.456087 1
2.681076 1
0.246633 1
0.344970 4
0.112342 1
0.552019 11
0.001872 19
0.000645 28
0.000302 35
0.000495 17
0.001033 15
0.001944 48
0.000700 130
3.235788 15
0.934686 76
26.421663 3
0.357345 57
0.317240 1
0.256871 1
0.260114 1
0.254045 1
0.381157 13
0.207331 13
0.209020 13
1.073581 24
1.643610 21
20.392259 158
3.672977 1
0.156159 1
0.155714 1
0.240447 1
2.209657 1
0.190213 1
0.306920 4
0.428535 1
3.339525 1
2.870279 1
0.335357 1
3.189266 1
0.688651 1
3.596788 1
0.433878 1
1.932505 1
4.570492 1
0.550905 4
0.620695 1
10.535633 1
2.092122 4
0.685633 1
0.500862 1
0.030672 1
0.484863 1
0.402192 4
0.185965 4
0.418360 1
0.388838 4
0.190627 4
0.363102 1
2.285655 1
0.303714 1
0.164775 1
0.405732 1
0.189173 1
0.152655 1
2.046028 1
0.653422 1
2.042977 1
1.024378 4
0.482027 1
0.835098 1
1.875944 1
0.455456 1
1.694907 1
1.998792 1
1.658966 1
0.779557 1
0.708458 1
0.191415 1
0.194402 1
0.410228 3
0.166723 1
0.216395 1
0.274451 1
7.780233 1
0.270700 1
0.254957 1
6.186198 1
0.745856 1
0.478051 1
0.504155 1
0.348755 1
0.138125 1
0.598635 1
0.723136 1
0.194237 1
0.172769 1
2.501999 4
0.707799 4
0.170874 4
0.150847 4
0.882882 1
0.295386 1
0.450710 1
0.171600 1
0.355083 1
0.397251 4
0.072008 1
0.182655 1
0.088033 1
1.445421 11
0.006749 128
698.483154 90
0.131748 1
0.117626 1
1.149723 4
0.179875 4
0.148199 1
0.150714 1
0.807416 1
0.131016 1
0.196802 1
2.443416 4
0.501209 4
0.030350 4
0.030037 1
0.031111 1
0.031390 1
0.029938 1
0.030459 1
0.030224 1
0.029861 1
0.032086 1
0.030330 1
0.030215 1
0.030863 1
0.031489 1
0.030619 1
0.031711 1
0.030720 1
0.030631 1
0.030569 1
0.031551 1
0.031664 1
0.029901 1
0.030376 1
0.031101 1
0.029330 1
0.031632 1
0.031745 1
0.030314 1
0.030415 1
0.030652 1
0.030061 1
0.030918 1
0.029270 1
0.031894 1
0.030252 1
0.032239 1
0.030949 1
0.030128 1
0.031153 1
0.030649 1
0.030435 1
0.029550 1
0.031974 1
0.030743 1
0.031384 1
0.030057 1
0.031635 1
0.030300 1
0.031242 1
0.030669 1
0.030818 1
0.031241 1
3.686797 1
0.841421 1
0.408638 1
0.632449 1
0.920072 8
